      10.0000 -9.39430e-05
      10.0200  0.000114750
      10.0400 -2.42710e-05
      10.0600 -7.45940e-06
      10.0800 -5.86800e-05
      10.1000 -4.24000e-05
      10.1200 -5.96750e-05
      10.1400  2.16320e-06
      10.1600  4.24240e-05
      10.1800  0.000123140
      10.2000  1.95200e-05
      10.2200  2.38090e-05
      10.2400 -4.07770e-05
      10.2600  0.000100620
      10.2800  8.42580e-05
      10.3000  3.15760e-05
      10.3200 -4.55930e-05
      10.3400 -2.41110e-05
      10.3600  3.22450e-05
      10.3800  0.000200750
      10.4000 -2.74130e-05
      10.4200  2.97910e-05
      10.4400 -8.76580e-05
      10.4600  5.69080e-05
      10.4800  2.88030e-06
      10.5000  0.000102040
      10.5200 -3.52860e-05
      10.5400 -0.000115150
      10.5600 -2.00310e-05
      10.5800 -6.06070e-05
      10.6000 -7.05000e-05
      10.6200  0.000151730
      10.6400 -5.18260e-05
      10.6600 -0.000129930
      10.6800 -8.02650e-05
      10.7000 -9.20880e-05
      10.7200 -0.000251180
      10.7400 -0.000102100
      10.7600 -4.41180e-05
      10.7800 -8.67320e-05
      10.8000 -8.08600e-05
      10.8200 -9.97540e-05
      10.8400 -3.35810e-05
      10.8600  3.91530e-05
      10.8800 -0.000280560
      10.9000 -0.000172550
      10.9200 -0.000183060
      10.9400 -0.000184330
      10.9600 -0.000253770
      10.9800 -0.000183790
      11.0000 -4.69980e-05
      11.0200 -0.000265610
      11.0400  0.000100540
      11.0600  0.000567770
      11.0800   0.00101760
      11.1000   0.00182820
      11.1200   0.00211140
      11.1400   0.00222420
      11.1600   0.00257420
      11.1800   0.00289290
      11.2000   0.00354210
      11.2200   0.00457140
      11.2400   0.00544490
      11.2600   0.00785370
      11.2800    0.0102310
      11.3000    0.0193000
      11.3200    0.0312440
      11.3400    0.0476140
      11.3600    0.0751030
      11.3800     0.129170
      11.4000     0.203870
      11.4200     0.337330
      11.4400     0.486050
      11.4600     0.672400
      11.4800     0.715380
      11.5000     0.749710
      11.5200     0.757370
      11.5400     0.760080
      11.5600     0.774080
      11.5800     0.783780
      11.6000     0.802050
      11.6200     0.796040
      11.6400     0.828300
      11.6600     0.817870
      11.6800     0.865890
      11.7000     0.875660
      11.7200     0.894250
      11.7400     0.871380
      11.7600     0.903450
      11.7800     0.905690
      11.8000     0.909590
      11.8200     0.919090
      11.8400     0.939950
      11.8600     0.948550
      11.8800     0.970670
      11.9000     0.950970
      11.9200     0.998550
      11.9400     0.968660
      11.9600     0.992540
      11.9800      1.00000
      12.0000     0.998700
      12.0200     0.983980
      12.0400     0.940030
      12.0600     0.965060
      12.0800     0.943360
      12.1000     0.949650
      12.1200     0.929450
      12.1400     0.933530
      12.1600     0.914250
      12.1800     0.920770
      12.2000     0.896870
      12.2200     0.909530
      12.2400     0.874900
      12.2600     0.899250
      12.2800     0.887540
      12.3000     0.874230
      12.3200     0.871980
      12.3400     0.855280
      12.3600     0.809950
      12.3800     0.769890
      12.4000     0.668430
      12.4200     0.525510
      12.4400     0.399310
      12.4600     0.271940
      12.4800     0.178100
      12.5000     0.118320
      12.5200    0.0810390
      12.5400    0.0537080
      12.5600    0.0296100
      12.5800    0.0148470
      12.6000   0.00890730
      12.6200   0.00530220
      12.6400   0.00287300
      12.6600   0.00173980
      12.6800  0.000255530
      12.7000 -0.000135540
      12.7200 -0.000539050
      12.7400 -0.000352530
      12.7600 -0.000703860
      12.7800 -0.000692790
      12.8000 -0.000629280
      12.8200 -0.000392620
      12.8400 -0.000266350
      12.8600 -0.000272740
      12.8800 -0.000147320
      12.9000  0.000186790
      12.9200 -8.52930e-05
      12.9400 -0.000399590
      12.9600 -0.000202610
      12.9800 -0.000145660
      13.0000  0.000214530
      13.0200  0.000162700
      13.0400 -0.000333810
      13.0600  1.35120e-05
      13.0800 -0.000182520
      13.1000 -3.30190e-05
      13.1200 -0.000274200
      13.1400  0.000190010
      13.1600 -0.000406240
      13.1800 -0.000108670
      13.2000  9.87970e-05
      13.2200 -0.000344560
      13.2400  0.000170200
      13.2600   0.00478370
      13.2800  4.00620e-05
      13.3000 -0.000342980
      13.3200 -6.71690e-05
      13.3400 -0.000185460
      13.3600 -0.000287910
      13.3800  0.000689650
      13.4000  0.000162320
      13.4200 -0.000379960
      13.4400 -0.000395050
      13.4600 -0.000163510
      13.4800 -0.000487050
      13.5000  0.000430210
      13.5200 -0.000395300
      13.5400 -0.000123470
      13.5600 -3.54300e-05
      13.5800 -0.000185290
      13.6000 -6.54970e-05
      13.6200  0.000177370
      13.6400 -7.89820e-05
      13.6600 -0.000115350
      13.6800 -0.000618480
      13.7000 -0.000365800
      13.7200 -0.000289690
      13.7400  0.000893290
      13.7600 -6.54020e-05
      13.7800 -0.000487450
      13.8000  0.000193930
      13.8200 -0.000237280
      13.8400 -0.000473690
      13.8600  0.000860830
      13.8800  0.000173660
      13.9000  0.000139380
      13.9200 -0.000233560
      13.9400 -0.000273410
      13.9600 -0.000159960
      13.9800 -0.000448150
      14.0000  0.000175050
