      2.98000  5.08040e-06
      2.98700  9.68030e-06
      2.99400 -1.83790e-05
      3.00100 -2.29260e-06
      3.00800 -6.85440e-06
      3.01500 -5.03030e-06
      3.02200 -9.01710e-06
      3.02900  7.29520e-06
      3.03600  6.38380e-06
      3.04300  3.00620e-06
      3.05000  1.31290e-06
      3.05700  4.94070e-06
      3.06400  7.46930e-06
      3.07100 -1.38880e-06
      3.07800  4.05210e-05
      3.08500 -1.77580e-05
      3.09200 -2.98490e-06
      3.09900  3.92220e-06
      3.10600  2.08930e-06
      3.11300  1.14480e-05
      3.12000  2.30860e-06
      3.12700  3.74650e-05
      3.13400  1.63350e-05
      3.14100  3.83950e-06
      3.14800  1.85260e-05
      3.15500  1.65660e-05
      3.16200 -8.69880e-06
      3.16900  2.63810e-05
      3.17600 -2.14690e-05
      3.18300 -4.43760e-06
      3.19000 -1.33570e-06
      3.19700 -1.57240e-05
      3.20400  8.18760e-06
      3.21100 -1.92790e-05
      3.21800  2.56150e-05
      3.22500  1.19400e-05
      3.23200  2.63410e-05
      3.23900 -7.49680e-06
      3.24600  1.25540e-05
      3.25300  1.03880e-05
      3.26000  2.36370e-05
      3.26700  3.49180e-05
      3.27400  5.29370e-05
      3.28100  4.13650e-05
      3.28800  5.20880e-05
      3.29500  5.63900e-05
      3.30200  8.99700e-05
      3.30900  8.80390e-05
      3.31600  9.64620e-05
      3.32300  0.000121320
      3.33000  0.000158480
      3.33700  0.000141110
      3.34400  0.000149700
      3.35100  0.000187770
      3.35800  0.000180810
      3.36500  0.000219120
      3.37200  0.000294790
      3.37900  0.000341770
      3.38600  0.000465750
      3.39300  0.000622690
      3.40000  0.000846920
      3.40700   0.00114880
      3.41400   0.00159770
      3.42100   0.00219360
      3.42800   0.00300610
      3.43500   0.00419200
      3.44200   0.00564300
      3.44900   0.00719840
      3.45600   0.00945620
      3.46300    0.0118260
      3.47000    0.0146220
      3.47700    0.0177290
      3.48400    0.0214710
      3.49100    0.0266500
      3.49800    0.0328820
      3.50500    0.0422410
      3.51200    0.0561570
      3.51900    0.0756000
      3.52600     0.102910
      3.53300     0.140570
      3.54000     0.196440
      3.54700     0.272360
      3.55400     0.371330
      3.56100     0.492160
      3.56800     0.605200
      3.57500     0.722770
      3.58200     0.792230
      3.58900     0.810150
      3.59600     0.803470
      3.60300     0.811070
      3.61000     0.813690
      3.61700     0.815230
      3.62400     0.818080
      3.63100     0.811100
      3.63800     0.812600
      3.64500     0.811680
      3.65200     0.817120
      3.65900     0.819110
      3.66600     0.827060
      3.67300     0.825310
      3.68000     0.823690
      3.68700     0.831000
      3.69400     0.837530
      3.70100     0.834080
      3.70800     0.841000
      3.71500     0.862500
      3.72200     0.859650
      3.72900     0.859620
      3.73600     0.866910
      3.74300     0.862640
      3.75000     0.880440
      3.75700     0.876460
      3.76400     0.886210
      3.77100     0.885110
      3.77800     0.892470
      3.78500     0.887680
      3.79200     0.901580
      3.79900     0.909450
      3.80600     0.922800
      3.81300     0.918460
      3.82000     0.919290
      3.82700     0.937360
      3.83400     0.900040
      3.84100     0.919830
      3.84800     0.915780
      3.85500     0.926240
      3.86200     0.938880
      3.86900     0.938300
      3.87600     0.947990
      3.88300     0.960710
      3.89000     0.963310
      3.89700     0.973770
      3.90400     0.958950
      3.91100     0.968540
      3.91800     0.938340
      3.92500      1.00000
      3.93200     0.891430
      3.93900     0.757710
      3.94600     0.592760
      3.95300     0.440840
      3.96000     0.329230
      3.96700     0.231090
      3.97400     0.164870
      3.98100     0.115410
      3.98800    0.0791820
      3.99500    0.0565930
      4.00200    0.0402020
      4.00900    0.0289400
      4.01600    0.0212050
      4.02300    0.0160850
      4.03000    0.0122490
      4.03700   0.00935780
      4.04400   0.00747400
      4.05100   0.00584580
      4.05800   0.00471730
      4.06500   0.00390440
      4.07200   0.00305280
      4.07900   0.00259140
      4.08600   0.00199490
      4.09300   0.00174930
      4.10000   0.00136660
      4.10700   0.00111960
      4.11400  0.000838530
      4.12100  0.000653980
      4.12800  0.000471470
      4.13500  0.000343600
      4.14200  0.000306570
      4.14900  0.000263290
      4.15600  0.000201210
      4.16300  0.000191940
      4.17000  0.000108380
      4.17700  0.000325530
      4.18400  0.000212070
      4.19100  0.000119100
      4.19800  7.60360e-05
      4.20500 -6.44630e-05
      4.21200 -0.000182820
      4.21900 -1.56110e-05
      4.22600  0.000502830
      4.23300  3.01800e-05
      4.24000 -0.000195330
      4.24700 -0.000482550
      4.25400 -0.000123850
      4.26100 -0.000142110
      4.26800 -0.000261960
      4.27500 -0.000169670
      4.28200 -1.76020e-05
      4.28900  3.86460e-06
      4.29600  1.42430e-05
      4.30300  2.04130e-05
      4.31000  1.79010e-05
      4.31700  5.58610e-05
      4.32400 -1.38690e-05
      4.33100 -2.52040e-05
      4.33800 -5.65700e-05
      4.34500 -2.54130e-05
      4.35200 -3.74790e-05
      4.35900 -6.43400e-05
      4.36600 -1.65290e-05
      4.37300  5.34290e-05
      4.38000  1.73500e-05
      4.38700 -4.40950e-06
      4.39400 -8.59290e-06
      4.40100 -1.95490e-05
      4.40800 -3.91960e-05
      4.41500 -7.59190e-06
      4.42200  1.20910e-05
      4.42900 -2.41160e-05
      4.43600  3.42770e-05
      4.44300 -2.21120e-06
      4.45000  1.96940e-05
      4.45700 -9.85710e-06
      4.46400  4.42370e-05
      4.47100  2.29440e-05
      4.47800  2.80340e-05
      4.48500 -9.90320e-06
      4.49200  3.98460e-05
      4.49900 -2.49420e-05
