     0.430000   0.00170530
     0.432000  -0.00396940
     0.434000  -0.00689020
     0.436000 -0.000692780
     0.438000   0.00430250
     0.440000   0.00479130
     0.442000  -0.00347860
     0.444000   0.00340570
     0.446000   0.00596430
     0.448000   0.00660970
     0.450000   0.00449620
     0.452000  0.000451120
     0.454000  -0.00499330
     0.456000  7.00320e-05
     0.458000   0.00456950
     0.460000   -0.0106690
     0.462000   0.00660340
     0.464000  0.000972280
     0.466000   0.00591270
     0.468000   0.00170350
     0.470000   0.00643620
     0.472000   0.00686720
     0.474000   0.00609960
     0.476000  -0.00128130
     0.478000   0.00368500
     0.480000  0.000421100
     0.482000  0.000810600
     0.484000   0.00113240
     0.486000  -0.00207330
     0.488000  0.000185310
     0.490000  -0.00168470
     0.492000  0.000456760
     0.494000  -0.00147990
     0.496000  5.47700e-05
     0.498000   0.00244080
     0.500000 -0.000402470
     0.502000 -0.000372560
     0.504000  0.000992250
     0.506000   0.00145780
     0.508000  0.000548010
     0.510000   0.00232040
     0.512000 -0.000804900
     0.514000  0.000363600
     0.516000  0.000652130
     0.518000  0.000591490
     0.520000   0.00105990
     0.522000  0.000356010
     0.524000  0.000360570
     0.526000   0.00105190
     0.528000  0.000552150
     0.530000 -0.000124210
     0.532000  0.000472630
     0.534000  0.000823400
     0.536000  0.000145850
     0.538000 -0.000223580
     0.540000  0.000447110
     0.542000  0.000760230
     0.544000  0.000190860
     0.546000  4.38450e-05
     0.548000  0.000116260
     0.550000  0.000725870
     0.552000  7.91560e-05
     0.554000  0.000321350
     0.556000  0.000503860
     0.558000 -0.000201790
     0.560000  0.000794930
     0.562000  7.29180e-05
     0.564000  0.000745930
     0.566000  0.000645440
     0.568000  0.000644960
     0.570000  0.000976800
     0.572000   0.00165710
     0.574000   0.00251290
     0.576000   0.00420400
     0.578000    0.0116190
     0.580000    0.0265140
     0.582000    0.0634160
     0.584000     0.160800
     0.586000     0.386930
     0.588000     0.666580
     0.590000     0.769070
     0.592000     0.765080
     0.594000     0.767630
     0.596000     0.791790
     0.598000     0.834690
     0.600000     0.874940
     0.602000     0.898890
     0.604000     0.906420
     0.606000     0.897000
     0.608000     0.887860
     0.610000     0.891470
     0.612000     0.904080
     0.614000     0.921980
     0.616000     0.942570
     0.618000     0.964050
     0.620000     0.980030
     0.622000     0.986400
     0.624000     0.982130
     0.626000     0.971770
     0.628000     0.958340
     0.630000     0.944000
     0.632000     0.934800
     0.634000     0.933240
     0.636000     0.935260
     0.638000     0.944560
     0.640000     0.957560
     0.642000     0.969580
     0.644000     0.982640
     0.646000     0.990470
     0.648000     0.998530
     0.650000      1.00000
     0.652000     0.997890
     0.654000     0.993070
     0.656000     0.985670
     0.658000     0.971940
     0.660000     0.951210
     0.662000     0.929230
     0.664000     0.900160
     0.666000     0.873210
     0.668000     0.854150
     0.670000     0.853180
     0.672000     0.867260
     0.674000     0.871990
     0.676000     0.816620
     0.678000     0.647690
     0.680000     0.433770
     0.682000     0.255400
     0.684000     0.145030
     0.686000    0.0824210
     0.688000    0.0466460
     0.690000    0.0271760
     0.692000    0.0164920
     0.694000   0.00984420
     0.696000   0.00592750
     0.698000   0.00362220
     0.700000   0.00206610
     0.702000   0.00152460
     0.704000  0.000895870
     0.706000  0.000595200
     0.708000  0.000263190
     0.710000  0.000337770
     0.712000  0.000111420
     0.714000 -0.000572250
     0.716000 -6.64290e-05
     0.718000 -7.64280e-05
     0.720000 -9.93420e-05
     0.722000  6.10310e-05
     0.724000 -0.000101910
     0.726000 -0.000143930
     0.728000 -0.000103870
     0.730000 -7.20080e-06
     0.732000  3.35790e-05
     0.734000 -0.000160570
     0.736000 -9.98340e-05
     0.738000  1.03680e-05
     0.740000  1.56090e-05
     0.742000 -0.000173190
     0.744000  2.31100e-05
     0.746000  4.17320e-05
     0.748000  6.14560e-06
     0.750000 -0.000108630
     0.752000 -4.21670e-05
     0.754000  0.000176650
     0.756000 -0.000213920
     0.758000 -1.72170e-05
     0.760000 -8.85810e-05
     0.762000 -0.000179820
     0.764000 -4.30540e-05
     0.766000  1.80110e-05
     0.768000  3.40120e-06
     0.770000 -3.72980e-05
     0.772000 -0.000128240
     0.774000 -9.21580e-05
     0.776000 -9.26310e-05
     0.778000 -0.000114830
     0.780000 -8.48990e-05
     0.782000 -0.000132150
     0.784000   -0.0146880
     0.786000 -6.08380e-05
     0.788000  2.88960e-08
     0.790000  7.28920e-05
     0.792000 -7.10500e-05
     0.794000  7.42140e-05
     0.796000 -0.000101060
     0.798000 -0.000215590
     0.800000 -5.94240e-06
     0.802000  2.72940e-05
     0.804000  0.000127290
     0.806000 -1.86440e-05
     0.808000 -4.72130e-05
     0.810000 -5.33760e-05
     0.812000 -9.27380e-05
     0.814000 -8.28500e-05
     0.816000  0.000138250
     0.818000 -5.37500e-05
     0.820000 -0.000137760
     0.822000  0.000115890
     0.824000  3.94410e-05
     0.826000 -3.71270e-05
     0.828000 -4.54340e-05
     0.830000 -0.000239220
