      8.80000 -8.03580e-05
      8.82000 -1.89270e-05
      8.84000  1.91580e-05
      8.86000  1.76070e-05
      8.88000 -6.13080e-05
      8.90000 -0.000107350
      8.92000 -4.39750e-05
      8.94000  4.34680e-06
      8.96000 -2.39320e-05
      8.98000  0.000157920
      9.00000  4.28420e-05
      9.02000 -6.19030e-05
      9.04000 -5.11950e-05
      9.06000 -3.41770e-05
      9.08000 -0.000108530
      9.10000  0.000122050
      9.12000  4.10590e-05
      9.14000  8.08160e-05
      9.16000  5.82140e-05
      9.18000 -1.57730e-05
      9.20000  8.49630e-06
      9.22000  5.74700e-05
      9.24000 -7.98140e-05
      9.26000 -0.000128270
      9.28000 -2.45460e-05
      9.30000  5.44560e-05
      9.32000 -8.62870e-05
      9.34000 -4.53010e-05
      9.36000 -0.000137130
      9.38000 -4.24740e-05
      9.40000 -4.49450e-05
      9.42000 -4.13580e-05
      9.44000 -0.000111460
      9.46000 -3.57480e-05
      9.48000  7.55140e-05
      9.50000  3.42810e-05
      9.52000  6.99140e-05
      9.54000 -7.15050e-05
      9.56000 -0.000150150
      9.58000  0.000164610
      9.60000  3.25570e-05
      9.62000  5.02310e-05
      9.64000 -0.000115110
      9.66000 -5.45450e-05
      9.68000 -4.72010e-05
      9.70000  6.32360e-05
      9.72000  0.000171700
      9.74000  0.000200180
      9.76000  0.000362810
      9.78000  0.000551110
      9.80000  0.000804830
      9.82000   0.00108120
      9.84000   0.00131520
      9.86000   0.00199330
      9.88000   0.00233550
      9.90000   0.00298780
      9.92000   0.00340950
      9.94000   0.00428190
      9.96000   0.00511990
      9.98000   0.00733500
      10.0000   0.00958470
      10.0200    0.0126800
      10.0400    0.0165220
      10.0600    0.0208230
      10.0800    0.0289240
      10.1000    0.0394370
      10.1200    0.0550920
      10.1400    0.0750490
      10.1600     0.102000
      10.1800     0.135210
      10.2000     0.181640
      10.2200     0.230430
      10.2400     0.291410
      10.2600     0.369240
      10.2800     0.455170
      10.3000     0.554600
      10.3200     0.650000
      10.3400     0.749470
      10.3600     0.832800
      10.3800     0.891970
      10.4000     0.913040
      10.4200     0.937200
      10.4400     0.950830
      10.4600     0.947590
      10.4800     0.957630
      10.5000     0.952250
      10.5200     0.930300
      10.5400     0.922230
      10.5600     0.924820
      10.5800     0.920580
      10.6000     0.926520
      10.6200     0.929530
      10.6400     0.947010
      10.6600     0.955100
      10.6800     0.966350
      10.7000     0.955740
      10.7200     0.986380
      10.7400     0.974410
      10.7600     0.995170
      10.7800     0.989630
      10.8000     0.996610
      10.8200     0.984750
      10.8400     0.992700
      10.8600      1.00000
      10.8800     0.992520
      10.9000     0.987720
      10.9200     0.980350
      10.9400     0.982030
      10.9600     0.970780
      10.9800     0.968740
      11.0000     0.967890
      11.0200     0.944670
      11.0400     0.931860
      11.0600     0.902580
      11.0800     0.877920
      11.1000     0.845370
      11.1200     0.788000
      11.1400     0.749960
      11.1600     0.690410
      11.1800     0.630930
      11.2000     0.553660
      11.2200     0.461370
      11.2400     0.360890
      11.2600     0.275730
      11.2800     0.196090
      11.3000     0.140170
      11.3200    0.0984320
      11.3400    0.0694570
      11.3600    0.0513540
      11.3800    0.0402630
      11.4000    0.0298350
      11.4200    0.0240240
      11.4400    0.0196660
      11.4600    0.0144040
      11.4800    0.0107700
      11.5000   0.00874080
      11.5200   0.00716170
      11.5400   0.00630190
      11.5600   0.00481460
      11.5800   0.00508080
      11.6000   0.00326220
      11.6200   0.00283510
      11.6400   0.00213150
      11.6600   0.00203150
      11.6800   0.00131600
      11.7000   0.00132660
      11.7200  0.000920980
      11.7400  0.000612500
      11.7600  0.000302690
      11.7800 -0.000375210
      11.8000  0.000597710
      11.8200  0.000281340
      11.8400  0.000410290
      11.8600  0.000169210
      11.8800  0.000105750
      11.9000  0.000113590
      11.9200  0.000403890
      11.9400 -0.000201310
      11.9600  0.000455600
      11.9800 -0.000480740
      12.0000 -0.000260660
      12.0200  1.26280e-05
      12.0400  0.000165270
      12.0600 -1.22850e-05
      12.0800 -5.50930e-06
      12.1000 -0.000326640
      12.1200  0.000200910
      12.1400  8.58590e-05
      12.1600  0.000197720
      12.1800  1.91910e-05
      12.2000  1.92440e-05
      12.2200 -0.000390870
      12.2400  0.000295740
      12.2600 -3.66360e-05
      12.2800 -2.10560e-05
      12.3000 -0.000104640
      12.3200 -8.42120e-05
      12.3400  0.000454980
      12.3600 -0.000392950
      12.3800  0.000729080
      12.4000 -0.000142690
      12.4200  0.000682250
      12.4400 -0.000364560
      12.4600 -0.000212090
      12.4800 -0.000133510
      12.5000  0.000182370
      12.5200  0.000177600
      12.5400 -0.000500290
      12.5600 -3.25520e-05
      12.5800  0.000599750
      12.6000 -1.19060e-05
      12.6200  0.000220720
      12.6400 -0.000235010
      12.6600  4.24170e-05
      12.6800  0.000369900
      12.7000 -0.000142230
      12.7200  0.000104400
      12.7400 -0.000394810
      12.7600 -5.57050e-05
      12.7800  6.54380e-05
      12.8000  0.000201740
