      1.49000 -5.70950e-05
      1.49100 -0.000415510
      1.49200 -8.49230e-05
      1.49300 -0.000271530
      1.49400  2.76300e-05
      1.49500  2.55480e-05
      1.49600  7.00920e-05
      1.49700 -2.86550e-05
      1.49800 -8.51750e-05
      1.49900  0.000182220
      1.50000  6.74230e-05
      1.50100 -0.000153820
      1.50200 -9.22970e-05
      1.50300 -2.08630e-05
      1.50400 -0.000139350
      1.50500 -0.000201470
      1.50600 -3.86470e-05
      1.50700 -0.000252630
      1.50800 -0.000102250
      1.50900  0.000172940
      1.51000  0.000117810
      1.51100  6.03530e-05
      1.51200  3.40120e-05
      1.51300  1.07880e-05
      1.51400 -7.72370e-06
      1.51500  0.000115800
      1.51600 -6.80450e-05
      1.51700 -0.000107600
      1.51800 -0.000180610
      1.51900  0.000117110
      1.52000  0.000211300
      1.52100 -1.79300e-05
      1.52200 -3.05870e-05
      1.52300 -7.40510e-05
      1.52400 -1.51780e-05
      1.52500  0.000101630
      1.52600  6.42410e-06
      1.52700 -0.000176100
      1.52800 -2.47410e-05
      1.52900  5.76100e-05
      1.53000  5.55580e-05
      1.53100  9.15960e-05
      1.53200  8.34130e-05
      1.53300 -9.39360e-05
      1.53400 -5.75540e-05
      1.53500 -4.20280e-05
      1.53600  7.59450e-05
      1.53700 -1.27900e-05
      1.53800  9.93780e-05
      1.53900  4.58240e-05
      1.54000  2.19900e-05
      1.54100 -1.97570e-05
      1.54200  5.21990e-06
      1.54300 -7.96630e-05
      1.54400  0.000104140
      1.54500 -2.01480e-05
      1.54600 -2.98870e-05
      1.54700  0.000131280
      1.54800  0.000175410
      1.54900  0.000183200
      1.55000  5.49980e-05
      1.55100  6.92780e-05
      1.55200  0.000240400
      1.55300  0.000401370
      1.55400  0.000313030
      1.55500  0.000484210
      1.55600  0.000591330
      1.55700  0.000790040
      1.55800  0.000961190
      1.55900   0.00158900
      1.56000   0.00180080
      1.56100   0.00237160
      1.56200   0.00297220
      1.56300   0.00395210
      1.56400   0.00521170
      1.56500   0.00686310
      1.56600   0.00872310
      1.56700    0.0112440
      1.56800    0.0146420
      1.56900    0.0190200
      1.57000    0.0243930
      1.57100    0.0328480
      1.57200    0.0431690
      1.57300    0.0575030
      1.57400    0.0757420
      1.57500    0.0987090
      1.57600     0.136560
      1.57700     0.176150
      1.57800     0.236340
      1.57900     0.310350
      1.58000     0.390550
      1.58100     0.496040
      1.58200     0.595130
      1.58300     0.701360
      1.58400     0.784250
      1.58500     0.859190
      1.58600     0.897820
      1.58700     0.923290
      1.58800     0.956980
      1.58900     0.940140
      1.59000     0.928070
      1.59100     0.919140
      1.59200     0.910820
      1.59300     0.924050
      1.59400     0.930060
      1.59500     0.911520
      1.59600     0.907940
      1.59700     0.916790
      1.59800     0.908530
      1.59900     0.946930
      1.60000     0.960790
      1.60100     0.957710
      1.60200     0.968370
      1.60300     0.968100
      1.60400     0.981100
      1.60500     0.985740
      1.60600     0.955700
      1.60700     0.961040
      1.60800     0.955620
      1.60900     0.981330
      1.61000     0.987600
      1.61100     0.992380
      1.61200     0.972550
      1.61300     0.964410
      1.61400     0.964830
      1.61500     0.962300
      1.61600     0.953390
      1.61700     0.955320
      1.61800     0.977560
      1.61900     0.967290
      1.62000     0.958620
      1.62100     0.974000
      1.62200     0.994910
      1.62300     0.986090
      1.62400      1.00000
      1.62500     0.996360
      1.62600     0.995200
      1.62700     0.997270
      1.62800     0.936490
      1.62900     0.913790
      1.63000     0.830290
      1.63100     0.794160
      1.63200     0.687140
      1.63300     0.596050
      1.63400     0.492270
      1.63500     0.403400
      1.63600     0.334640
      1.63700     0.265710
      1.63800     0.215530
      1.63900     0.165970
      1.64000     0.137340
      1.64100     0.106560
      1.64200    0.0837060
      1.64300    0.0656080
      1.64400    0.0543460
      1.64500    0.0417140
      1.64600    0.0355510
      1.64700    0.0283650
      1.64800    0.0226700
      1.64900    0.0184660
      1.65000    0.0151880
      1.65100    0.0127310
      1.65200    0.0105350
      1.65300   0.00863380
      1.65400   0.00723260
      1.65500   0.00601230
      1.65600   0.00498000
      1.65700   0.00383780
      1.65800   0.00358030
      1.65900   0.00297610
      1.66000   0.00234360
      1.66100   0.00231400
      1.66200   0.00195540
      1.66300   0.00134690
      1.66400   0.00134540
      1.66500  0.000995970
      1.66600   0.00107890
      1.66700  0.000904210
      1.66800  0.000654970
      1.66900  0.000664360
      1.67000  0.000687900
      1.67100  0.000279930
      1.67200  0.000522200
      1.67300  0.000324490
      1.67400  0.000353510
      1.67500  0.000335800
      1.67600  0.000404280
      1.67700  5.23390e-05
      1.67800  0.000362860
      1.67900  6.54190e-05
      1.68000  0.000237100
      1.68100  0.000198800
      1.68200  0.000236440
      1.68300  0.000161770
      1.68400  0.000134050
      1.68500  8.71960e-05
      1.68600 -0.000106600
      1.68700  0.000122260
      1.68800 -0.000148200
      1.68900  0.000175020
      1.69000  0.000304520
      1.69100 -0.000207450
      1.69200  0.000159340
      1.69300  0.000148790
      1.69400  0.000115020
      1.69500  0.000186090
      1.69600  0.000129450
      1.69700  0.000223220
      1.69800  2.22540e-05
      1.69900  1.90950e-05
      1.70000  0.000259410
      1.70100 -0.000112300
      1.70200  0.000146930
      1.70300  0.000136550
      1.70400 -1.17540e-05
      1.70500 -0.000136470
      1.70600  0.000156500
      1.70700  0.000210620
      1.70800  8.07560e-05
      1.70900 -2.44260e-05
      1.71000  4.94050e-05
      1.71100 -0.000162530
      1.71200  0.000224280
      1.71300 -2.35730e-05
      1.71400 -0.000106120
      1.71500 -3.42730e-05
      1.71600  4.53360e-05
      1.71700  0.000150760
      1.71800  7.78420e-06
      1.71900  2.50230e-05
      1.72000  7.87050e-05
      1.72100 -5.38220e-05
      1.72200  0.000209280
      1.72300 -8.46650e-05
      1.72400  0.000123780
      1.72500 -0.000188790
      1.72600 -0.000198710
      1.72700  0.000234720
      1.72800 -5.18640e-06
      1.72900  9.18680e-05
      1.73000  0.000151680
