     0.500000   0.00264660
     0.504000   0.00256880
     0.508000   0.00220440
     0.512000  0.000200710
     0.516000   0.00139770
     0.520000 -0.000108290
     0.524000  0.000171750
     0.528000  0.000749940
     0.532000  -0.00108710
     0.536000  -0.00175860
     0.540000  -0.00113890
     0.544000   0.00177160
     0.548000  0.000422110
     0.552000 -0.000580550
     0.556000  0.000296310
     0.560000  0.000890930
     0.564000  0.000453800
     0.568000 -0.000231920
     0.572000  1.94800e-05
     0.576000  -0.00110460
     0.580000 -0.000862460
     0.584000 -0.000705480
     0.588000 -0.000284070
     0.592000  7.90450e-06
     0.596000  0.000298130
     0.600000 -9.45200e-05
     0.604000 -0.000129310
     0.608000  0.000214280
     0.612000  0.000379670
     0.616000  0.000223870
     0.620000  4.34390e-05
     0.624000 -1.87820e-05
     0.628000 -0.000113860
     0.632000 -2.80570e-05
     0.636000 -0.000172920
     0.640000 -1.68700e-05
     0.644000  2.44030e-05
     0.648000  0.000220280
     0.652000  2.98710e-05
     0.656000 -4.69070e-05
     0.660000  3.50200e-05
     0.664000  0.000129410
     0.668000  8.57500e-05
     0.672000  0.000164070
     0.676000  0.000218100
     0.680000  0.000187410
     0.684000  0.000111570
     0.688000  0.000335070
     0.692000  0.000223300
     0.696000   0.00436900
     0.700000    0.0250660
     0.704000    0.0657160
     0.708000     0.110230
     0.712000     0.166020
     0.716000     0.222980
     0.720000     0.284740
     0.724000     0.356460
     0.728000     0.461380
     0.732000     0.662010
     0.736000     0.799580
     0.740000     0.809530
     0.744000     0.836270
     0.748000     0.868000
     0.752000     0.917010
     0.756000     0.958170
     0.760000     0.979350
     0.764000     0.985240
     0.768000     0.981080
     0.772000     0.971060
     0.776000     0.966240
     0.780000     0.975020
     0.784000     0.985620
     0.788000     0.996220
     0.792000     0.995360
     0.796000     0.985040
     0.800000     0.975360
     0.804000     0.968380
     0.808000     0.972490
     0.812000     0.979320
     0.816000     0.992620
     0.820000      1.00000
     0.824000     0.997910
     0.828000     0.992040
     0.832000     0.981250
     0.836000     0.968320
     0.840000     0.955120
     0.844000     0.942660
     0.848000     0.927130
     0.852000     0.911820
     0.856000     0.894940
     0.860000     0.881370
     0.864000     0.879360
     0.868000     0.878900
     0.872000     0.881400
     0.876000     0.889610
     0.880000     0.903060
     0.884000     0.910880
     0.888000     0.918290
     0.892000     0.921220
     0.896000     0.918030
     0.900000     0.910110
     0.904000     0.900120
     0.908000     0.890900
     0.912000     0.880940
     0.916000     0.870420
     0.920000     0.858820
     0.924000     0.848130
     0.928000     0.839300
     0.932000     0.831230
     0.936000     0.825240
     0.940000     0.819580
     0.944000     0.813430
     0.948000     0.808210
     0.952000     0.800330
     0.956000     0.790390
     0.960000     0.781440
     0.964000     0.772990
     0.968000     0.765200
     0.972000     0.754690
     0.976000     0.737780
     0.980000     0.714860
     0.984000     0.692120
     0.988000     0.673410
     0.992000     0.631200
     0.996000     0.388350
      1.00000     0.148160
      1.00400    0.0534730
      1.00800    0.0221100
      1.01200    0.0109490
      1.01600   0.00655780
      1.02000   0.00458210
      1.02400   0.00357610
      1.02800   0.00292100
      1.03200   0.00254410
      1.03600   0.00217540
      1.04000   0.00185040
      1.04400   0.00159920
      1.04800   0.00133900
      1.05200   0.00108770
      1.05600  0.000828930
      1.06000  0.000660630
      1.06400  0.000506630
      1.06800  0.000376950
      1.07200  0.000315970
