      Wavelegth (um)      Normalized RSF   Reference output
            2.980000            0.002000
            2.987000            0.002000
            2.994000            0.002000
            3.001000            0.002000
            3.008000            0.002000
            3.015000            0.002000
            3.022000            0.002000
            3.029000            0.002000
            3.036000            0.002000
            3.043000            0.002000
            3.050000            0.002000
            3.057000            0.002000
            3.064000            0.002000
            3.071000            0.002000
            3.078000            0.002000
            3.085000            0.002000
            3.092000            0.002000
            3.099000            0.002000
            3.106000            0.002000
            3.113000            0.002000
            3.120000            0.002000
            3.127000            0.002000
            3.134000            0.002000
            3.141000            0.002000
            3.148000            0.002000
            3.155000            0.002000
            3.162000            0.002000
            3.169000            0.002000
            3.176000            0.002000
            3.183000            0.002000
            3.190000            0.002000
            3.197000            0.002000
            3.204000            0.002000
            3.211000            0.002000
            3.218000            0.002000
            3.225000            0.002000
            3.232000            0.002000
            3.239000            0.002000
            3.246000            0.002000
            3.253000            0.002000
            3.260000            0.002000
            3.267000            0.002000
            3.274000            0.002000
            3.281000            0.002000
            3.288000            0.002000
            3.295000            0.002000
            3.302000            0.002000
            3.309000            0.002000
            3.316000            0.002000
            3.323000            0.002000
            3.330000            0.002000
            3.337000            0.002000
            3.344000            0.002000
            3.351000            0.002000
            3.358000            0.002000
            3.365000            0.002000
            3.372000            0.002000
            3.379000            0.002000
            3.386000            0.002000
            3.393000            0.002000
            3.400000            0.002000
            3.407000            0.002000
            3.414000            0.002000
            3.421000            0.002000
            3.428000            0.002000
            3.435000            0.002000
            3.442000            0.003000
            3.449000            0.003000
            3.456000            0.003000
            3.463000            0.004000
            3.470000            0.006000
            3.477000            0.007000
            3.484000            0.011000
            3.491000            0.018000
            3.498000            0.029000
            3.505000            0.051000
            3.512000            0.086000
            3.519000            0.144000
            3.526000            0.233000
            3.533000            0.349000
            3.540000            0.482000
            3.547000            0.615000
            3.554000            0.722000
            3.561000            0.801000
            3.568000            0.844000
            3.575000            0.864000
            3.582000            0.872000
            3.589000            0.881000
            3.596000            0.888000
            3.603000            0.900000
            3.610000            0.913000
            3.617000            0.922000
            3.624000            0.932000
            3.631000            0.944000
            3.638000            0.953000
            3.645000            0.966000
            3.652000            0.968000
            3.659000            0.970000
            3.666000            0.978000
            3.673000            0.977000
            3.680000            0.983000
            3.687000            0.985000
            3.694000            0.989000
            3.701000            0.990000
            3.708000            0.996000
            3.715000            0.997000
            3.722000            0.997000
            3.729000            0.999000
            3.736000            1.000000
            3.743000            0.990000
            3.750000            0.977000
            3.757000            0.967000
            3.764000            0.957000
            3.771000            0.946000
            3.778000            0.937000
            3.785000            0.936000
            3.792000            0.933000
            3.799000            0.934000
            3.806000            0.933000
            3.813000            0.916000
            3.820000            0.891000
            3.827000            0.848000
            3.834000            0.791000
            3.841000            0.721000
            3.848000            0.644000
            3.855000            0.567000
            3.862000            0.493000
            3.869000            0.430000
            3.876000            0.375000
            3.883000            0.329000
            3.890000            0.297000
            3.897000            0.264000
            3.904000            0.240000
            3.911000            0.221000
            3.918000            0.205000
            3.925000            0.190000
            3.932000            0.177000
            3.939000            0.163000
            3.946000            0.148000
            3.953000            0.136000
            3.960000            0.121000
            3.967000            0.106000
            3.974000            0.091000
            3.981000            0.078000
            3.988000            0.065000
            3.995000            0.054000
            4.002000            0.043000
            4.009000            0.036000
            4.016000            0.028000
            4.023000            0.023000
            4.030000            0.018000
            4.037000            0.014000
            4.044000            0.011000
            4.051000            0.009000
            4.058000            0.007000
            4.065000            0.005000
            4.072000            0.004000
            4.079000            0.004000
            4.086000            0.004000
            4.093000            0.004000
            4.100000            0.004000
            4.107000            0.003000
            4.114000            0.003000
            4.121000            0.003000
            4.128000            0.003000
            4.135000            0.003000
            4.142000            0.003000
            4.149000            0.003000
            4.156000            0.003000
            4.163000            0.003000
            4.170000            0.003000
            4.177000            0.003000
            4.18400             0.003
            4.19100             0.004
            4.19800             0.005
            4.20500             0.006
            4.21200             0.009
            4.21900             0.015
            4.22600             0.021
            4.23300             0.026
            4.24000             0.024
            4.24700             0.020
            4.25400             0.016
            4.26100             0.017
            4.26800             0.017
            4.27500             0.018
            4.28200             0.018
            4.28900             0.017
            4.29600             0.014
            4.30300             0.012
            4.31000             0.009
            4.31700             0.008
            4.32400             0.007
            4.33100             0.006
            4.33800             0.005
            4.34500             0.005
            4.35200             0.004
            4.35900             0.004
            4.36600             0.004
            4.37300             0.004
            4.38000             0.004
            4.38700             0.004
            4.39400             0.004
            4.40100             0.004
            4.40800             0.004
            4.41500             0.004
            4.42200             0.004
            4.42900             0.004
            4.43600             0.004
            4.44300             0.004
            4.45000             0.004
            4.45700             0.004
            4.46400             0.004
            4.47100             0.004
            4.47800             0.004
            4.48500             0.004
            4.49200             0.004
            4.49900             0.004
            

# Note: Typo the last 46 entries. For the last entry, for example, it should be Wavelength 4.499 and Reference Output 0.088981	
