Wavenumber (cm^-1)    Wavelength (um)        Normalized SRF
9330    1.07181136120043    0.0000000
9335    1.07123727905731    0.0000000
9340    1.07066381156317    0.0000000
9345    1.07009095773141    0.0000000
9350    1.06951871657754    0.0000000
9355    1.06894708711919    0.0000000
9360    1.06837606837607    0.0000000
9365    1.06780565936999    0.0000000
9370    1.06723585912487    0.0000000
9375    1.06666666666667    0.0000000
9380    1.06609808102345    0.0000000
9385    1.06553010122536    0.0000000
9390    1.06496272630458    0.0000000
9395    1.06439595529537    0.0000000
9400    1.06382978723404    0.0000000
9405    1.06326422115896    0.0000000
9410    1.06269925611052    0.0000000
9415    1.06213489113117    0.0000000
9420    1.06157112526539    0.0000000
9425    1.06100795755968    0.0000000
9430    1.06044538706257    0.0000000
9435    1.05988341282459    0.0000000
9440    1.05932203389831    0.0000000
9445    1.05876124933827    0.0000000
9450    1.05820105820106    0.0000000
9455    1.05764145954521    0.0000000
9460    1.05708245243129    0.0000000
9465    1.05652403592182    0.0000000
9470    1.05596620908131    0.0000000
9475    1.05540897097625    0.0000000
9480    1.05485232067511    0.0000000
9485    1.05429625724829    0.0000000
9490    1.05374077976818    0.0000000
9495    1.05318588730911    0.0000000
9500    1.05263157894737    0.0000000
9505    1.05207785376118    0.0000000
9510    1.0515247108307        0.0000000
9515    1.05097214923805    0.0000000
9520    1.05042016806723    0.0000000
9525    1.0498687664042        0.0000000
9530    1.04931794333683    0.0000000
9535    1.0487676979549        0.0000000
9540    1.0482180293501        0.0000000
9545    1.04766893661603    0.0000000
9550    1.04712041884817    0.0000000
9555    1.0465724751439        0.0000000
9560    1.04602510460251    0.0000000
9565    1.04547830632514    0.0000000
9570    1.04493207941484    0.0000029
9575    1.0443864229765        0.0000062
9580    1.04384133611691    0.0000095
9585    1.04329681794471    0.0000131
9590    1.04275286757039    0.0000171
9595    1.04220948410631    0.0000216
9600    1.04166666666667    0.0000271
9605    1.04112441436752    0.0000335
9610    1.04058272632674    0.0000413
9615    1.04004160166407    0.0000505
9620    1.03950103950104    0.0000615
9625    1.03896103896104    0.0000737
9630    1.03842159916926    0.0000869
9635    1.03788271925272    0.0001005
9640    1.03734439834025    0.0001141
9645    1.03680663556247    0.0001273
9650    1.03626943005181    0.0001396
9655    1.03573278094252    0.0001505
9660    1.0351966873706        0.0001604
9665    1.03466114847387    0.0001698
9670    1.03412616339193    0.0001796
9675    1.03359173126615    0.0001906
9680    1.03305785123967    0.0002036
9685    1.03252452245741    0.0002194
9690    1.03199174406605    0.0002388
9695    1.03145951521403    0.0002624
9700    1.03092783505155    0.0002902
9705    1.03039670273055    0.0003218
9710    1.02986611740474    0.0003571
9715    1.02933607822954    0.0003958
9720    1.02880658436214    0.0004378
9725    1.02827763496144    0.0004828
9730    1.02774922918808    0.0005306
9735    1.02722136620442    0.0005817
9740    1.02669404517454    0.0006369
9745    1.02616726526424    0.0006973
9750    1.02564102564103    0.0007637
9755    1.02511532547412    0.0008373
9760    1.02459016393443    0.000919
9765    1.02406554019457    0.00101
9770    1.02354145342886    0.0011114
9775    1.0230179028133        0.0012242
9780    1.02249488752556    0.0013497
9785    1.02197240674502    0.0014891
9790    1.02145045965271    0.0016436
9795    1.02092904543134    0.0018146
9800    1.02040816326531    0.0020036
9805    1.01988781234064    0.0022119
9810    1.01936799184506    0.0024415
9815    1.01884870096791    0.002695
9820    1.0183299389002        0.0029749
9825    1.01781170483461    0.0032842
9830    1.01729399796541    0.0036258
9835    1.01677681748856    0.0040028
9840    1.01626016260163    0.0044185
9845    1.01574403250381    0.0048764
9850    1.01522842639594    0.0053813
9855    1.01471334348047    0.0059395
9860    1.01419878296146    0.0065576
9865    1.0136847440446        0.0072425
9870    1.01317122593718    0.0080014
9875    1.0126582278481        0.0088416
9880    1.01214574898785    0.0097711
9885    1.01163378856854    0.010798
9890    1.01112234580384    0.0119302
9895    1.01061141990905    0.0131758
9900    1.01010101010101    0.0145433
9905    1.00959111559818    0.0160416
9910    1.00908173562059    0.0176805
9915    1.00857286938981    0.0194702
9920    1.00806451612903    0.0214216
9925    1.00755667506297    0.0235452
9930    1.00704934541793    0.0258452
9935    1.00654252642174    0.028324
9940    1.00603621730382    0.0309848
9945    1.00553041729512    0.0338317
9950    1.00502512562814    0.0368695
9955    1.00452034153692    0.0401038
9960    1.00401606425703    0.0435415
9965    1.00351229302559    0.0471879
9970    1.00300902708124    0.0510417
9975    1.00250626566416    0.0550997
9980    1.00200400801603    0.05936
9985    1.00150225338007    0.0638214
9990    1.001001001001    0.0684837
9995    1.00050025012506    0.0733475
10000    1.0000000        0.0784145
10005    0.999500249875062    0.0836847
10010    0.999000999000999    0.0891492
10015    0.998502246630055    0.0947976
10020    0.998003992015968    0.1006202
10025    0.997506234413965    0.1066082
10030    0.997008973080758    0.1127535
10035    0.996512207274539    0.1190487
10040    0.99601593625498    0.125487
10045    0.995520159283225    0.1320656
10050    0.99502487562189    0.1387957
10055    0.994530084535057    0.1456931
10060    0.99403578528827    0.1527742
10065    0.993541977148534    0.1600565
10070    0.99304865938431    0.1675581
10075    0.992555831265509    0.1752983
10080    0.992063492063492    0.1832974
10085    0.991571641051066    0.191575
10090    0.991080277502478    0.2001416
10095    0.990589400693413    0.2090049
10100    0.99009900990099    0.2181741
10105    0.98960910440376    0.2276599
10110    0.989119683481701    0.2374739
10115    0.988630746416214    0.2476299
10120    0.988142292490119    0.2581425
10125    0.987654320987654    0.2690265
10130    0.987166831194472    0.2802769
10135    0.986679822397632    0.2918786
10140    0.986193293885602    0.3038178
10145    0.98570724494825    0.3160822
10150    0.985221674876847    0.328661
10155    0.984736582964057    0.3415448
10160    0.984251968503937    0.3547257
10165    0.983767830791933    0.3681959
10170    0.983284169124877    0.3819251
10175    0.982800982800983    0.3958589
10180    0.982318271119843    0.4099423
10185    0.981836033382425    0.4241213
10190    0.98135426889107    0.4383421
10195    0.980872976949485    0.452551
10200    0.980392156862745    0.4666948
10205    0.979911807937286    0.4807194
10210    0.979431929480901    0.4945677
10215    0.978952520802741    0.5081757
10220    0.978473581213307    0.5214771
10225    0.97799511002445    0.5344045
10230    0.977517106549365    0.5468889
10235    0.977039570102589    0.558859
10240    0.9765625        0.5702413
10245    0.976085895558809    0.5809599
10250    0.975609756097561    0.5909477
10255    0.975134080936129    0.6002188
10260    0.974658869395711    0.6088195
10265    0.974184120798831    0.6167938
10270    0.973709834469328    0.6241819
10275    0.97323600973236    0.6310225
10280    0.972762645914397    0.6373509
10285    0.972289742343218    0.6432006
10290    0.971817298347911    0.6486031
10295    0.971345313258863    0.6535937
10300    0.970873786407767    0.6582131
10305    0.970402717127608    0.662502
10310    0.969932104752667    0.6664986
10315    0.969461948618517    0.6702404
10320    0.968992248062015    0.6737634
10325    0.968523002421308    0.6771029
10330    0.968054211035818    0.680293
10335    0.967585873246251    0.6833643
10340    0.967117988394584    0.6863269
10345    0.96665055582407    0.6891841
10350    0.966183574879227    0.6919387
10355    0.965717044905843    0.6945928
10360    0.965250965250965    0.6971481
10365    0.964785335262904    0.6996061
10370    0.964320154291225    0.7019674
10375    0.963855421686747    0.7042327
10380    0.963391136801541    0.7064021
10385    0.962927298988926    0.7084765
10390    0.962463907603465    0.710456
10395    0.962000962000962    0.7123404
10400    0.961538461538462    0.714129
10405    0.961076405574243    0.7158207
10410    0.960614793467819    0.717414
10415    0.960153624579933    0.718907
10420    0.959692898272553    0.7202979
10425    0.959232613908873    0.7215921
10430    0.958772770853308    0.722799
10435    0.95831336847149    0.723928
10440    0.957854406130268    0.7249881
10445    0.957395883197702    0.725988
10450    0.956937799043062    0.7269359
10455    0.956480153036824    0.7278402
10460    0.956022944550669    0.7287087
10465    0.955566172957477    0.7295499
10470    0.955109837631328    0.7303747
10475    0.954653937947494    0.731195
10480    0.954198473282443    0.7320223
10485    0.953743443013829    0.7328686
10490    0.953288846520496    0.7337457
10495    0.952834683182468    0.7346654
10500    0.952380952380952    0.73564
10505    0.951927653498334    0.7366819
10510    0.951474785918173    0.7377988
10515    0.951022349025202    0.7389854
10520    0.950570342205323    0.7402355
10525    0.950118764845606    0.7415427
10530    0.949667616334283    0.7429007
10535    0.94921689606075    0.744304
10540    0.94876660341556    0.7457469
10545    0.948316737790422    0.7472237
10550    0.947867298578199    0.7487296
10555    0.947418285172904    0.7502695
10560    0.946969696969697    0.7518656
10565    0.946521533364884    0.7535424
10570    0.946073793755913    0.7553245
10575    0.945626477541371    0.757237
10580    0.945179584120983    0.7593059
10585    0.944733112895607    0.7615573
10590    0.944287063267233    0.7640187
10595    0.943841434638981    0.7667176
10600    0.943396226415094    0.7696524
10605    0.942951438000943    0.7727785
10610    0.942507068803016    0.7760487
10615    0.942063118228921    0.7794163
10620    0.941619585687382    0.7828351
10625    0.941176470588235    0.7862591
10630    0.940733772342427    0.7896424
10635    0.940291490362012    0.7929387
10640    0.93984962406015    0.7961022
10645    0.939408172851104    0.7991148
10650    0.938967136150235    0.8020012
10655    0.938526513374003    0.8047891
10660    0.938086303939962    0.8075062
10665    0.937646507266761    0.8101792
10670    0.937207122774133    0.812835
10675    0.936768149882904    0.8155004
10680    0.936329588014981    0.8182024
10685    0.935891436593355    0.8209677
10690    0.935453695042095    0.8238131
10695    0.935016362786349    0.8267354
10700    0.934579439252336    0.8297295
10705    0.934142923867352    0.8327904
10710    0.933706816059757    0.8359135
10715    0.933271115258983    0.8390947
10720    0.932835820895522    0.8423297
10725    0.932400932400932    0.8456147
10730    0.931966449207829    0.8489465
10735    0.931532370749884    0.8523189
10740    0.931098696461825    0.8557183
10745    0.930665425779432    0.8591298
10750    0.930232558139535    0.862538
10755    0.929800092980009    0.8659282
10760    0.929368029739777    0.8692853
10765    0.928936367858802    0.8725938
10770    0.928505106778087    0.8758383
10775    0.928074245939675    0.8790027
10780    0.927643784786642    0.8820726
10785    0.927213722763097    0.8850402
10790    0.92678405931418    0.8879009
10795    0.926354793886058    0.8906494
10800    0.925925925925926    0.8932801
10805    0.925497454881999    0.8957867
10810    0.925069380203515    0.8981625
10815    0.92464170134073    0.9004005
10820    0.924214417744917    0.9024925
10825    0.92378752886836    0.9044298
10830    0.923361034164358    0.9062085
10835    0.922934933087217    0.9078287
10840    0.922509225092251    0.9092899
10845    0.922083909635777    0.9105908
10850    0.921658986175115    0.9117295
10855    0.921234454168586    0.9127036
10860    0.920810313075506    0.9135095
10865    0.92038656235619    0.9141431
10870    0.919963201471941    0.9145998
10875    0.919540229885057    0.9148787
10880    0.919117647058823    0.9149933
10885    0.91869545245751    0.9149601
10890    0.918273645546373    0.9147943
10895    0.917852225791648    0.9145107
10900    0.91743119266055    0.9141234
10905    0.917010545621275    0.9136466
10910    0.916590284142988    0.9130933
10915    0.916170407695831    0.9124766
10920    0.915750915750916    0.911809
10925    0.91533180778032    0.9110951
10930    0.91491308325709    0.910334
10935    0.914494741655235    0.9095239
10940    0.914076782449726    0.9086633
10945    0.913659205116491    0.9077502
10950    0.91324200913242    0.9067826
10955    0.912825193975354    0.905758
10960    0.912408759124088    0.9046738
10965    0.911992704058367    0.903527
10970    0.911577028258888    0.9023186
10975    0.911161731207289    0.9010651
10980    0.910746812386157    0.8997862
10985    0.910332271279017    0.8985019
10990    0.909918107370337    0.8972322
10995    0.909504320145521    0.8959966
11000    0.909090909090909    0.8948155
11005    0.908677873693775    0.8937091
11010    0.908265213442325    0.8926978
11015    0.907852927825692    0.8918027
11020    0.907441016333938    0.8910336
11025    0.90702947845805    0.8903849
11030    0.906618313689937    0.88985
11035    0.906207521522429    0.8894227
11040    0.905797101449275    0.8890976
11045    0.905387052965143    0.8888694
11050    0.904977375565611    0.8887336
11055    0.904568068747173    0.8886859
11060    0.904159132007233    0.8887222
11065    0.903750564844103    0.8888395
11070    0.903342366757001    0.889039
11075    0.90293453724605    0.8893247
11080    0.902527075812274    0.8897015
11085    0.9021199819576        0.8901743
11090    0.901713255184851    0.890749
11095    0.901306894997747    0.8914317
11100    0.900900900900901    0.8922288
11105    0.90049527239982    0.8931474
11110    0.9000900090009        0.894195
11115    0.899685110211426    0.8953781
11120    0.899280575539568    0.8966876
11125    0.898876404494382    0.8981082
11130    0.898472596585804    0.8996246
11135    0.898069151324652    0.9012223
11140    0.897666068222621    0.9028871
11145    0.897263346792284    0.9046047
11150    0.896860986547085    0.9063612
11155    0.896458987001345    0.9081435
11160    0.896057347670251    0.9099376
11165    0.895656068069861    0.911732
11170    0.895255147717099    0.9135237
11175    0.894854586129754    0.9153136
11180    0.894454382826476    0.9171028
11185    0.894054537326777    0.9188918
11190    0.893655049151028    0.9206816
11195    0.893255917820455    0.9224732
11200    0.892857142857143    0.9242671
11205    0.892458723784025    0.9260646
11210    0.892060660124889    0.9278661
11215    0.891662951404369    0.9296713
11220    0.89126559714795    0.9314706
11225    0.89086859688196    0.9332501
11230    0.890471950133571    0.9349964
11235    0.890075656430797    0.9366958
11240    0.889679715302491    0.9383345
11245    0.889284126278346    0.9398981
11250    0.888888888888889    0.941372
11255    0.888494002665482    0.9427415
11260    0.88809946714032    0.9439911
11265    0.887705281846427    0.945107
11270    0.887311446317657    0.9460934
11275    0.886917960088692    0.9469643
11280    0.886524822695035    0.9477328
11285    0.886132033673017    0.9484118
11290    0.885739592559787    0.9490133
11295    0.885347498893316    0.9495496
11300    0.884955752212389    0.9500326
11305    0.884564352056612    0.9504734
11310    0.884173297966401    0.9508836
11315    0.883782589482987    0.9512734
11320    0.88339222614841    0.9516408
11325    0.883002207505519    0.9519728
11330    0.88261253309797    0.9522558
11335    0.882223202470225    0.9524761
11340    0.881834215167548    0.9526198
11345    0.881445570736007    0.9526722
11350    0.881057268722467    0.9526189
11355    0.880669308674593    0.9524443
11360    0.880281690140845    0.9521329
11365    0.87989441267048    0.9516684
11370    0.879507475813544    0.9510461
11375    0.879120879120879    0.9502844
11380    0.878734622144112    0.9494033
11385    0.878348704435661    0.948422
11390    0.877963125548727    0.9473596
11395    0.877577885037297    0.9462345
11400    0.87719298245614    0.9450653
11405    0.876808417360807    0.9438697
11410    0.876424189307625    0.9426657
11415    0.876040297853701    0.9414718
11420    0.875656742556918    0.9403028
11425    0.87527352297593    0.9391608
11430    0.874890638670166    0.9380429
11435    0.874508089199825    0.9369464
11440    0.874125874125874    0.9358686
11445    0.873743993010048    0.9348071
11450    0.873362445414847    0.9337592
11455    0.872981230903535    0.9327225
11460    0.87260034904014    0.9316949
11465    0.872219799389446    0.9306736
11470    0.871839581517001    0.929657
11475    0.871459694989107    0.9286482
11480    0.871080139372822    0.9276579
11485    0.87070091423596    0.9266969
11490    0.870322019147084    0.9257763
11495    0.869943453675511    0.9249073
11500    0.869565217391304    0.9241017
11505    0.869187309865276    0.9233707
11510    0.868809730668983    0.9227269
11515    0.868432479374729    0.9221827
11520    0.868055555555556    0.9217508
11525    0.86767895878525    0.9214422
11530    0.867302688638335    0.921252
11535    0.866926744690074    0.9211696
11540    0.866551126516464    0.9211848
11545    0.86617583369424    0.9212878
11550    0.865800865800866    0.9214694
11555    0.865426222414539    0.9217202
11560    0.865051903114187    0.9220319
11565    0.864677907479464    0.9223961
11570    0.864304235090752    0.9228043
11575    0.863930885529158    0.9232488
11580    0.863557858376511    0.9237239
11585    0.863185153215365    0.924229
11590    0.862812769628991    0.9247648
11595    0.86244070720138    0.9253314
11600    0.862068965517241    0.9259299
11605    0.861697544161999    0.9265607
11610    0.861326442721792    0.9272251
11615    0.86095566078347    0.9279242
11620    0.860585197934596    0.9286588
11625    0.860215053763441    0.929431
11630    0.859845227858985    0.9302418
11635    0.859475719810915    0.9310914
11640    0.859106529209622    0.9319789
11645    0.8587376556462        0.9329023
11650    0.858369098712446    0.9338604
11655    0.858000858000858    0.9348521
11660    0.857632933104631    0.9358764
11665    0.85726532361766    0.9369324
11670    0.856898029134533    0.9380196
11675    0.856531049250535    0.9391373
11680    0.856164383561644    0.9402852
11685    0.855798031664527    0.9414626
11690    0.855431993156544    0.9426678
11695    0.855066267635742    0.9438969
11700    0.854700854700855    0.9451462
11705    0.854335753951303    0.9464122
11710    0.85397096498719    0.9476915
11715    0.853606487409304    0.9489807
11720    0.853242320819113    0.9502764
11725    0.852878464818763    0.9515754
11730    0.852514919011083    0.9528742
11735    0.852151682999574    0.9541696
11740    0.851788756388416    0.9554583
11745    0.851426138782461    0.956739
11750    0.851063829787234    0.9580116
11755    0.850701829008932    0.9592757
11760    0.850340136054422    0.9605312
11765    0.849978750531237    0.9617782
11770    0.849617672047578    0.9630163
11775    0.849256900212314    0.9642451
11780    0.848896434634974    0.9654647
11785    0.848536274925753    0.9666744
11790    0.848176420695505    0.9678738
11795    0.847816871555744    0.9690627
11800    0.847457627118644    0.9702382
11805    0.847098686997035    0.9713959
11810    0.846740050804403    0.972531
11815    0.846381718154888    0.9736386
11820    0.846023688663283    0.9747138
11825    0.845665961945032    0.9757516
11830    0.84530853761623    0.9767463
11835    0.844951415293621    0.9776928
11840    0.844594594594595    0.9785854
11845    0.844238075137189    0.9794181
11850    0.843881856540084    0.9801848
11855    0.843525938422606    0.9808848
11860    0.843170320404722    0.9815256
11865    0.842815002107037    0.9821162
11870    0.8424599831508        0.982664
11875    0.842105263157895    0.9831777
11880    0.841750841750842    0.9836645
11885    0.841396718552798    0.984132
11890    0.841042893187553    0.9845882
11895    0.840689365279529    0.9850401
11900    0.840336134453782    0.9854957
11905    0.839983200335993    0.9859621
11910    0.839630562552477    0.9864447
11915    0.839278220730172    0.9869408
11920    0.838926174496644    0.9874454
11925    0.838574423480084    0.9879544
11930    0.838222967309304    0.9884632
11935    0.837871805613741    0.9889671
11940    0.837520938023451    0.9894618
11945    0.837170364169108    0.9899428
11950    0.836820083682008    0.990405
11955    0.836470096194061    0.9908442
11960    0.836120401337793    0.9912555
11965    0.835770998746344    0.9916342
11970    0.835421888053467    0.9919815
11975    0.835073068893528    0.9923022
11980    0.834724540901502    0.9926009
11985    0.834376303712975    0.992882
11990    0.834028356964137    0.9931503
11995    0.833680700291788    0.9934098
12000    0.833333333333333    0.9936653
12005    0.832986255726781    0.993921
12010    0.832639467110741    0.9941812
12015    0.832292967124428    0.9944503
12020    0.831946755407654    0.9947328
12025    0.831600831600832    0.9950309
12030    0.831255195344971    0.9953426
12035    0.830909846281678    0.9956645
12040    0.830564784053156    0.9959935
12045    0.8302200083022        0.9963262
12050    0.829875518672199    0.99666
12055    0.829531314807134    0.9969914
12060    0.829187396351575    0.9973174
12065    0.828843762950684    0.9976349
12070    0.828500414250207    0.9979408
12075    0.82815734989648    0.9982318
12080    0.827814569536424    0.9985046
12085    0.827472072817542    0.9987575
12090    0.827129859387924    0.9989898
12095    0.826787928896238    0.9992008
12100    0.826446280991735    0.9993895
12105    0.826104915324246    0.9995552
12110    0.825763831544178    0.9996967
12115    0.825423029302518    0.9998131
12120    0.825082508250825    0.9999031
12125    0.824742268041237    0.9999651
12130    0.824402308326463    0.999998
12135    0.824062628759786    1.0000000
12140    0.823723228995058    0.9999698
12145    0.823384108686702    0.999911
12150    0.823045267489712    0.9998284
12155    0.822706705059646    0.9997272
12160    0.822368421052632    0.999612
12165    0.82203041512536    0.999488
12170    0.821692686935086    0.9993596
12175    0.82135523613963    0.9992318
12180    0.821018062397373    0.9991092
12185    0.820681165367255    0.9989967
12190    0.820344544708778    0.9988992
12195    0.820008200082001    0.9988213
12200    0.819672131147541    0.9987668
12205    0.819336337566571    0.9987324
12210    0.819000819000819    0.9987132
12215    0.818665575112567    0.9987045
12220    0.818330605564648    0.9987017
12225    0.81799591002045    0.9986997
12230    0.817661488143908    0.9986943
12235    0.81732733959951    0.9986806
12240    0.816993464052288    0.9986538
12245    0.816659861167824    0.998609
12250    0.816326530612245    0.9985415
12255    0.815993472052224    0.9984462
12260    0.815660685154976    0.998319
12265    0.815328169588259    0.9981592
12270    0.814995925020375    0.9979671
12275    0.814663951120163    0.9977422
12280    0.814332247557003    0.9974846
12285    0.814000814000814    0.9971938
12290    0.81366965012205    0.9968691
12295    0.813338755591704    0.9965102
12300    0.813008130081301    0.9961159
12305    0.812677773262901    0.9956853
12310    0.812347684809098    0.9952174
12315    0.812017864393017    0.9947106
12320    0.811688311688312    0.9941643
12325    0.811359026369168    0.9935802
12330    0.8110300081103        0.9929603
12335    0.810701256586948    0.9923073
12340    0.810372771474878    0.9916232
12345    0.810044552450385    0.9909097
12350    0.809716599190283    0.9901687
12355    0.809388911371914    0.9894021
12360    0.809061488673139    0.9886112
12365    0.808734330772341    0.9877976
12370    0.808407437348424    0.9869627
12375    0.808080808080808    0.9861077
12380    0.807754442649435    0.9852341
12385    0.80742834073476    0.9843465
12390    0.807102502017756    0.9834503
12395    0.806776926179911    0.9825518
12400    0.806451612903226    0.9816564
12405    0.806126561870214    0.9807702
12410    0.8058017727639        0.979899
12415    0.805477245267821    0.9790487
12420    0.805152979066023    0.9782252
12425    0.804828973843058    0.9774348
12430    0.80450522928399    0.9766839
12435    0.804181745074387    0.9759786
12440    0.803858520900321    0.9753258
12445    0.803535556448373    0.97473
12450    0.803212851405622    0.974193
12455    0.802890405459655    0.9737172
12460    0.802568218298555    0.9733048
12465    0.802246289610911    0.9729586
12470    0.801924619085806    0.9726816
12475    0.801603206412826    0.9724773
12480    0.801282051282051    0.9723488
12485    0.800961153384061    0.9723005
12490    0.800640512409928    0.9723366
12495    0.80032012805122    0.9724619
12500    0.80000000        0.9726813
12505    0.79968012794882    0.972998
12510    0.799360511590727    0.9734051
12515    0.799041150619257    0.9738935
12520    0.798722044728435    0.974455
12525    0.798403193612774    0.975081
12530    0.798084596967279    0.9757638
12535    0.797766254487435    0.9764956
12540    0.797448165869219    0.9772689
12545    0.797130330809087    0.9780763
12550    0.796812749003984    0.9789111
12555    0.796495420151334    0.9797657
12560    0.796178343949045    0.9806336
12565    0.795861520095503    0.9815078
12570    0.795544948289578    0.9823815
12575    0.795228628230616    0.9832479
12580    0.794912559618442    0.9841003
12585    0.794596742153357    0.9849316
12590    0.79428117553614    0.9857354
12595    0.793965859468043    0.9865043
12600    0.793650793650794    0.9872311
12605    0.793335977786593    0.9879084
12610    0.793021411578113    0.9885285
12615    0.792707094728498    0.9890838
12620    0.792393026941363    0.9895657
12625    0.792079207920792    0.9899661
12630    0.791765637371338    0.9902773
12635    0.791452314998021    0.9905019
12640    0.791139240506329    0.9906487
12645    0.790826413602214    0.9907253
12650    0.790513833992095    0.9907393
12655    0.790201501382853    0.9906982
12660    0.789889415481833    0.990609
12665    0.789577575996842    0.9904785
12670    0.789265982636148    0.9903135
12675    0.788954635108481    0.9901207
12680    0.788643533123028    0.9899063
12685    0.788332676389436    0.9896767
12690    0.788022064617809    0.9894381
12695    0.787711697518708    0.989197
12700    0.78740157480315    0.9889603
12705    0.787091696182605    0.9887357
12710    0.786782061369001    0.9885305
12715    0.786472670074715    0.9883522
12720    0.786163522012579    0.9882087
12725    0.785854616895874    0.9881077
12730    0.785545954438335    0.9880573
12735    0.785237534354142    0.9880656
12740    0.784929356357928    0.9881413
12745    0.784621420164771    0.9882931
12750    0.784313725490196    0.9885302
12755    0.784006272050176    0.9888622
12760    0.783699059561129    0.9892948
12765    0.783392087739914    0.9898176
12770    0.783085356303837    0.9904149
12775    0.782778864970646    0.9910724
12780    0.782472613458529    0.9917753
12785    0.782166601486116    0.9925097
12790    0.781860828772478    0.9932612
12795    0.781555295037124    0.9940156
12800    0.781250000000        0.9947591
12805    0.780944943381492    0.9954779
12810    0.78064012490242    0.9961572
12815    0.780335544284042    0.9967829
12820    0.78003120124805    0.9973403
12825    0.779727095516569    0.9978157
12830    0.779423226812159    0.998201
12835    0.779119594857811    0.9984893
12840    0.778816199376947    0.9986737
12845    0.778513040093422    0.998747
12850    0.778210116731518    0.998701
12855    0.777907429015947    0.9985273
12860    0.777604976671851    0.9982167
12865    0.777302759424796    0.9977596
12870    0.777000777000777    0.9971457
12875    0.776699029126214    0.9963639
12880    0.77639751552795    0.9954024
12885    0.776096235933256    0.9942485
12890    0.775795190069822    0.9928904
12895    0.775494377665762    0.9913324
12900    0.775193798449612    0.9895879
12905    0.774893452150329    0.9876707
12910    0.774593338497289    0.9855927
12915    0.774293457220286    0.9833659
12920    0.773993808049536    0.9810012
12925    0.773694390715667    0.9785091
12930    0.773395204949729    0.9758993
12935    0.773096250483185    0.9731812
12940    0.772797527047914    0.9703636
12945    0.772499034376207    0.9674549
12950    0.772200772200772    0.964463
12955    0.771902740254728    0.9613956
12960    0.771604938271605    0.9582578
12965    0.771307365985345    0.9550512
12970    0.771010023130301    0.9517776
12975    0.770712909441233    0.9484377
12980    0.770416024653313    0.9450319
12985    0.770119368502118    0.9415608
12990    0.769822940723634    0.9380242
12995    0.769526741054252    0.9344223
13000    0.769230769230769    0.9307541
13005    0.768935024990388    0.9270191
13010    0.768639508070715    0.9232158
13015    0.768344218209758    0.9193431
13020    0.768049155145929    0.9153991
13025    0.767754318618042    0.9113846
13030    0.767459708365311    0.9073205
13035    0.767165324127349    0.9032346
13040    0.766871165644172    0.8991556
13045    0.76657723265619    0.8951115
13050    0.766283524904215    0.891131
13055    0.765990042129452    0.887243
13060    0.765696784073507    0.8834763
13065    0.765403750478377    0.8798609
13070    0.765110941086457    0.8764269
13075    0.764818355640535    0.8732059
13080    0.764525993883792    0.87023
13085    0.764233855559801    0.8675321
13090    0.763941940412529    0.8651469
13095    0.763650248186331    0.8630935
13100    0.763358778625954    0.8613539
13105    0.763067531476536    0.8599072
13110    0.7627765064836        0.8587331
13115    0.762485703393061    0.857813
13120    0.76219512195122    0.8571295
13125    0.761904761904762    0.8566655
13130    0.761614623000762    0.8564058
13135    0.761324704986677    0.8563357
13140    0.76103500761035    0.8564414
13145    0.760745530620008    0.8567097
13150    0.760456273764259    0.8571287
13155    0.760167236792094    0.8576864
13160    0.759878419452888    0.8583721
13165    0.759589821496392    0.8591757
13170    0.759301442672741    0.8600892
13175    0.759013282732448    0.8611045
13180    0.758725341426404    0.862214
13185    0.758437618505878    0.8634106
13190    0.758150113722517    0.8646882
13195    0.757862826828344    0.8660398
13200    0.757575757575758    0.8674599
13205    0.757288905717531    0.8689427
13210    0.757002271006813    0.870483
13215    0.756715853197125    0.8720756
13220    0.75642965204236    0.8737155
13225    0.756143667296786    0.8753981
13230    0.755857898715042    0.8771193
13235    0.755572346052135    0.8788745
13240    0.755287009063444    0.8806604
13245    0.755001887504719    0.8824733
13250    0.754716981132076    0.8843102
13255    0.754432289701999    0.8861672
13260    0.754147812971342    0.8880416
13265    0.753863550697324    0.88993
13270    0.753579502637528    0.8918296
13275    0.753295668549906    0.8937373
13280    0.753012048192771    0.8956499
13285    0.752728641324802    0.8975649
13290    0.752445447705041    0.899479
13295    0.752162467092892    0.9013895
13300    0.75187969924812    0.9032932
13305    0.751597143930853    0.9051803
13310    0.751314800901578    0.9070337
13315    0.751032669921142    0.9088352
13320    0.750750750750751    0.9105665
13325    0.75046904315197    0.912209
13330    0.750187546886722    0.9137439
13335    0.749906261717285    0.9151515
13340    0.749625187406297    0.9164119
13345    0.749344323716748    0.9175042
13350    0.749063670411985    0.9184071
13355    0.748783227255709    0.9190983
13360    0.748502994011976    0.9195544
13365    0.748222970445193    0.9197511
13370    0.74794315632012    0.919663
13375    0.747663551401869    0.9192703
13380    0.747384155455904    0.9185663
13385    0.747104968248039    0.9175457
13390    0.746825989544436    0.9162012
13395    0.746547219111609    0.9145241
13400    0.746268656716418    0.9125044
13405    0.745990302126072    0.9101304
13410    0.745712155108128    0.907389
13415    0.745434215430488    0.9042653
13420    0.745156482861401    0.9007427
13425    0.74487895716946    0.896803
13430    0.744601638123604    0.8924256
13435    0.744324525493115    0.8875884
13440    0.744047619047619    0.8822673
13445    0.743770918557084    0.8764422
13450    0.743494423791822    0.8701342
13455    0.743218134522482    0.863381
13460    0.742942050520059    0.8562171
13465    0.742666171555886    0.8486764
13470    0.742390497401633    0.8407904
13475    0.742115027829313    0.8325894
13480    0.741839762611276    0.8241019
13485    0.741564701520208    0.8153555
13490    0.741289844329133    0.8063765
13495    0.741015190811412    0.7971899
13500    0.740740740740741    0.7878203
13505    0.740466493891151    0.778291
13510    0.74019245003701    0.7686248
13515    0.739918608953015    0.7588439
13520    0.739644970414201    0.7489685
13525    0.739371534195934    0.7390162
13530    0.73909830007391    0.7290039
13535    0.73882526782416    0.7189485
13540    0.738552437223043    0.7088665
13545    0.73827980804725    0.6987743
13550    0.738007380073801    0.6886884
13555    0.737735153080044    0.678625
13560    0.737463126843658    0.6686008
13565    0.737191301142647    0.6586324
13570    0.736919675755343    0.6487368
13575    0.736648250460405    0.6389312
13580    0.736377025036819    0.6292332
13585    0.736105999263894    0.6196612
13590    0.735835172921266    0.610233
13595    0.735564545788893    0.6009583
13600    0.735294117647059    0.5918404
13605    0.735023888276369    0.5828832
13610    0.734753857457752    0.5740913
13615    0.734484024972457    0.5654699
13620    0.734214390602056    0.5570254
13625    0.73394495412844    0.5487643
13630    0.733675715333822    0.5406947
13635    0.733406674000733    0.5328249
13640    0.733137829912023    0.5251646
13645    0.732869182850861    0.517724
13650    0.732600732600733    0.5105146
13655    0.732332478945441    0.5035489
13660    0.732064421669107    0.4968404
13665    0.731796560556165    0.4904012
13670    0.731528895391368    0.4842237
13675    0.731261425959781    0.4782908
13680    0.730994152046784    0.4725862
13685    0.730727073438071    0.467095
13690    0.730460189919649    0.4618031
13695    0.730193501277839    0.4566971
13700    0.72992700729927    0.4517648
13705    0.729660707770887    0.4469944
13710    0.729394602479942    0.4423751
13715    0.729128691213999    0.4378967
13720    0.728862973760933    0.4335497
13725    0.728597449908925    0.4293249
13730    0.728332119446468    0.4252141
13735    0.728066982162359    0.4212092
13740    0.727802037845706    0.4173026
13745    0.727537286285922    0.4134833
13750    0.727272727272727    0.4097396
13755    0.727008360596147    0.4060595
13760    0.726744186046512    0.4024319
13765    0.726480203414457    0.3988455
13770    0.726216412490922    0.3952893
13775    0.725952813067151    0.3917525
13780    0.725689404934688    0.3882243
13785    0.725426187885383    0.3846941
13790    0.725163161711385    0.381151
13795    0.724900326205147    0.3775844
13800    0.72463768115942    0.3739833
13805    0.724375226367258    0.3703366
13810    0.724112961622013    0.3666332
13815    0.723850886717336    0.3628621
13820    0.723589001447178    0.3590201
13825    0.723327305605787    0.3551109
13830    0.723065798987708    0.351138
13835    0.722804481387785    0.3471046
13840    0.722543352601156    0.3430137
13845    0.722282412423257    0.3388681
13850    0.72202166064982    0.33467
13855    0.721761097076868    0.3304217
13860    0.721500721500721    0.3261252
13865    0.721240533717995    0.3217822
13870    0.720980533525595    0.3173944
13875    0.720720720720721    0.3129632
13880    0.720461095100865    0.3084895
13885    0.72020165646381    0.3039745
13890    0.719942404607631    0.2994188
13895    0.719683339330695    0.2948239
13900    0.719424460431655    0.2901924
13905    0.719165767709457    0.2855268
13910    0.718907260963336    0.2808298
13915    0.718648939992814    0.2761036
13920    0.718390804597701    0.2713506
13925    0.718132854578097    0.2665727
13930    0.717875089734386    0.261772
13935    0.717617509867241    0.2569504
13940    0.717360114777618    0.2521096
13945    0.717102904266762    0.2472515
13950    0.716845878136201    0.2423775
13955    0.716589036187746    0.2374894
13960    0.716332378223496    0.2325885
13965    0.716075904045829    0.2276764
13970    0.715819613457409    0.2227544
13975    0.715563506261181    0.2178241
13980    0.715307582260372    0.2128871
13985    0.715051841258491    0.2079452
13990    0.714796283059328    0.2029998
13995    0.714540907466953    0.1980527
14000    0.714285714285714    0.1931052
14005    0.714030703320243    0.1881591
14010    0.713775874375446    0.1832159
14015    0.713521227256511    0.1782772
14020    0.713266761768902    0.1733446
14025    0.71301247771836    0.1684198
14030    0.712758374910905    0.1635045
14035    0.712504453152832    0.1586003
14040    0.712250712250712    0.153709
14045    0.711997152011392    0.1488325
14050    0.711743772241993    0.1439735
14055    0.711490572749911    0.1391375
14060    0.711237553342816    0.1343312
14065    0.710984713828653    0.1295612
14070    0.710732054015636    0.1248343
14075    0.710479573712256    0.1201575
14080    0.710227272727273    0.115538
14085    0.70997515086972    0.1109834
14090    0.7097232079489        0.1065013
14095    0.709471443774388    0.1020999
14100    0.709219858156028    0.0977877
14105    0.708968450903935    0.0935735
14110    0.70871722182849    0.0894667
14115    0.708466170740347    0.085477
14120    0.708215297450425    0.0816147
14125    0.707964601769911    0.0778908
14130    0.707714083510262    0.074312
14135    0.707463742483198    0.0708732
14140    0.707213578500707    0.0675681
14145    0.706963591375044    0.0643908
14150    0.706713780918728    0.0613361
14155    0.706464146944543    0.0583993
14160    0.706214689265537    0.0555763
14165    0.705965407695023    0.0528633
14170    0.705716302046577    0.0502572
14175    0.705467372134039    0.0477554
14180    0.705218617771509    0.0453556
14185    0.704970038773352    0.043056
14190    0.704721634954193    0.0408554
14195    0.704473406128919    0.038753
14200    0.704225352112676    0.0367482
14205    0.703977472720873    0.0348411
14210    0.703729767769177    0.0330307
14215    0.703482237073514    0.0313121
14220    0.70323488045007    0.0296799
14225    0.70298769771529    0.0281291
14230    0.702740688685875    0.0266551
14235    0.702493853178785    0.0252536
14240    0.702247191011236    0.0239207
14245    0.702000702000702    0.0226527
14250    0.701754385964912    0.0214463
14255    0.701508242721852    0.0202985
14260    0.701262272089762    0.0192063
14265    0.701016473887136    0.0181672
14270    0.700770847932726    0.017179
14275    0.700525394045534    0.0162395
14280    0.700280112044818    0.0153469
14285    0.700035001750087    0.0144995
14290    0.699790062981106    0.0136956
14295    0.699545295557887    0.0129332
14300    0.699300699300699    0.0122098
14305    0.699056274030059    0.0115234
14310    0.698812019566737    0.0108719
14315    0.69856793573175    0.0102535
14320    0.698324022346369    0.0096665
14325    0.698080279232112    0.0091094
14330    0.697836706210747    0.0085809
14335    0.69759330310429    0.0080795
14340    0.697350069735007    0.0076042
14345    0.69710700592541    0.007154
14350    0.696864111498258    0.0067278
14355    0.696621386276559    0.006325
14360    0.696378830083565    0.0059447
14365    0.696136442742778    0.0055864
14370    0.69589422407794    0.0052495
14375    0.695652173913043    0.0049333
14380    0.695410292072323    0.0046364
14385    0.695168578380257    0.0043576
14390    0.69492703266157    0.0040959
14395    0.69468565474123    0.0038501
14400    0.694444444444444    0.0036194
14405    0.694203401596668    0.0034028
14410    0.693962526023595    0.0031995
14415    0.693721817551162    0.0030087
14420    0.693481276005548    0.0028296
14425    0.693240901213172    0.0026617
14430    0.693000693000693    0.0025043
14435    0.692760651195012    0.0023568
14440    0.692520775623269    0.0022188
14445    0.692281066112842    0.0020896
14450    0.692041522491349    0.0019689
14455    0.691802144586648    0.0018562
14460    0.691562932226833    0.0017511
14465    0.691323885240235    0.001653
14470    0.691085003455425    0.0015614
14475    0.690846286701209    0.0014758
14480    0.69060773480663    0.0013959
14485    0.690369347600966    0.0013211
14490    0.690131124913734    0.0012511
14495    0.689893066574681    0.0011856
14500    0.689655172413793    0.0011241
14505    0.689417442261289    0.0010664
14510    0.689179875947622    0.0010121
14515    0.688942473303479    0.0009609
14520    0.68870523415978    0.0009125
14525    0.688468158347676    0.0008667
14530    0.688231245698555    0.0008232
14535    0.687994496044032    0.0007818
14540    0.687757909215956    0.0007422
14545    0.687521485046408    0.0007043
14550    0.687285223367698    0.0006682
14555    0.687049124012367    0.0006336
14560    0.686813186813187    0.0006007
14565    0.686577411603158    0.0005692
14570    0.686341798215511    0.0005393
14575    0.686106346483705    0.0005109
14580    0.685871056241427    0.0004839
14585    0.685635927322592    0.0004584
14590    0.685400959561343    0.0004344
14595    0.685166152792052    0.0004118
14600    0.684931506849315    0.0003906
14605    0.684697021567956    0.0003709
14610    0.684462696783025    0.0003528
14615    0.684228532329798    0.0003361
14620    0.683994528043776    0.000321
14625    0.683760683760684    0.0003074
14630    0.683526999316473    0.0002953
14635    0.683293474547318    0.0002845
14640    0.683060109289617    0.0002749
14645    0.682826903379993    0.0002664
14650    0.68259385665529    0.0002588
14655    0.682360968952576    0.0002521
14660    0.68212824010914    0.0002461
14665    0.681895669962496    0.0002407
14670    0.681663258350375    0.0002359
14675    0.681431005110732    0.0002315
14680    0.681198910081744    0.0002274
14685    0.680966973101805    0.0002235
14690    0.68073519400953    0.0002198
14695    0.680503572643756    0.0002162
14700    0.680272108843537    0.0002125
14705    0.680040802448147    0.0002086
14710    0.679809653297077    0.0002046
14715    0.679578661230037    0.0002003
14720    0.679347826086957    0.0001958
14725    0.67911714770798    0.0001912
14730    0.678886625933469    0.0001864
14735    0.678656260604004    0.0001817
14740    0.67842605156038    0.0001768
14745    0.678195998643608    0.000172
14750    0.677966101694915    0.0001673
14755    0.677736360555744    0.0001626
14760    0.677506775067751    0.000158
14765    0.677277345072807    0.0001536
14770    0.677048070412999    0.0001494
14775    0.676818950930626    0.0001455
14780    0.6765899864682        0.0001418
14785    0.676361176868448    0.0001384
14790    0.676132521974307    0.0001354
14795    0.675904021628929    0.0001329
14800    0.675675675675676    0.0001307
14805    0.675447483958122    0.0001289
14810    0.675219446320054    0.0001274
14815    0.674991562605467    0.0001262
14820    0.67476383265857    0.0001253
14825    0.674536256323777    0.0001245
14830    0.674308833445718    0.0001239
14835    0.674081563869228    0.0001233
14840    0.673854447439353    0.0001229
14845    0.673627484001347    0.0001224
14850    0.673400673400673    0.0001219
14855    0.673174015483002    0.0001214
14860    0.672947510094213    0.0001207
14865    0.67272115708039    0.0001199
14870    0.672494956287828    0.0001189
14875    0.672268907563025    0.0001176
14880    0.672043010752688    0.0001161
14885    0.671817265703729    0.0001142
14890    0.671591672263264    0.000112
14895    0.671366230278617    0.0001096
14900    0.671140939597315    0.0001069
14905    0.670915800067092    0.000104
14910    0.670690811535882    0.000101
14915    0.670465973851827    0.0000978
14920    0.670241286863271    0.0000946
14925    0.670016750418761    0.0000912
14930    0.669792364367046    0.0000879
14935    0.669568128557081    0.0000845
14940    0.669344042838019    0.0000812
14945    0.669120107059217    0.0000779
14950    0.668896321070234    0.0000747
14955    0.668672684720829    0.0000717
14960    0.668449197860963    0.0000689
14965    0.668225860340795    0.0000662
14970    0.668002672010688    0.0000638
14975    0.667779632721202    0.0000616
14980    0.667556742323098    0.0000597
14985    0.667334000667334    0.000058
14990    0.66711140760507    0.0000565
14995    0.666888962987663    0.0000552
15000    0.666666666666667    0.000054
15005    0.666444518493835    0.0000529
15010    0.666222518321119    0.0000518
15015    0.666000666000666    0.0000509
15020    0.66577896138482    0.0000499
15025    0.665557404326123    0.000049
15030    0.665335994677312    0.000048
15035    0.66511473229132    0.000047
15040    0.664893617021277    0.000046
15045    0.664672648720505    0.0000448
15050    0.664451827242525    0.0000435
15055    0.664231152441049    0.000042
15060    0.664010624169987    0.0000404
15065    0.663790242283438    0.0000386
15070    0.6635700066357        0.0000366
15075    0.66334991708126    0.0000344
15080    0.663129973474801    0.0000321
15085    0.662910175671197    0.0000298
15090    0.662690523525514    0.0000273
15095    0.662471016893011    0.0000248
15100    0.662251655629139    0.0000224
15105    0.66203243958954    0.0000199
15110    0.661813368630046    0.0000175
15115    0.661594442606682    0.0000152
15120    0.661375661375661    0.0000129
15125    0.661157024793388    0.0000109
15130    0.660938532716457    0.0000089
15135    0.660720185001652    0.0000072
15140    0.660501981505945    0.0000057
15145    0.660283922086497    0.0000044
15150    0.66006600660066    0.0000035
15155    0.659848234905972    0.0000028
15160    0.659630606860158    0.0000025
15165    0.659413122321134    0.0000024
15170    0.659195781147001    0.0000026
15175    0.658978583196046    0.000003
15180    0.658761528326746    0.0000035
15185    0.658544616397761    0.0000042
15190    0.658327847267939    0.0000051
15195    0.658111220796315    0.000006
15200    0.657894736842105    0.0000069
15205    0.657678395264716    0.0000079
15210    0.657462195923734    0.0000089
15215    0.657246138678935    0.0000098
15220    0.657030223390276    0.0000107
15225    0.656814449917898    0.0000115
15230    0.656598818122127    0.0000122
15235    0.656383327863472    0.0000127
15240    0.656167979002625    0.000013
15245    0.655952771400459    0.0000132
15250    0.655737704918033    0.000013
15255    0.655522779416585    0.0000127
15260    0.655307994757536    0.0000122
15265    0.655093350802489    0.0000115
15270    0.654878847413229    0.0000106
15275    0.654664484451719    0.0000095
15280    0.654450261780105    0.0000084
15285    0.654236179260713    0.0000071
15290    0.65402223675605    0.0000057
15295    0.6538084341288        0.0000043
15300    0.65359477124183    0.0000027
15305    0.653381247958184    0.0000011
15310    0.653167864141084    0.0000000
15315    0.652954619653934    0.0000000
15320    0.652741514360313    0.0000000
15325    0.65252854812398    0.0000000
15330    0.652315720808871    0.0000000
15335    0.6521030322791        0.0000000
15340    0.651890482398957    0.0000000
15345    0.65167807103291    0.0000000
15350    0.651465798045603    0.0000000
15355    0.651253663301856    0.0000000
15360    0.651041666666667    0.0000000
15365    0.650829808005207    0.0000000
15370    0.650618087182824    0.0000000
15375    0.650406504065041    0.0000000
15380    0.650195058517555    0.0000000
15385    0.64998375040624    0.0000000
15390    0.649772579597141    0.0000000
15395    0.649561545956479    0.0000000
15400    0.649350649350649    0.0000000
15405    0.649139889646219    0.0000000
15410    0.648929266709929    0.0000000
15415    0.648718780408693    0.0000000
15420    0.648508430609598    0.0000000
15425    0.648298217179903    0.0000000
15430    0.648088139987038    0.0000000
15435    0.647878198898607    0.0000000
15440    0.647668393782383    0.0000000
15445    0.647458724506313    0.0000000
15450    0.647249190938511    0.0000000
15455    0.647039792947266    0.0000000
15460    0.646830530401035    0.0000000
15465    0.646621403168445    0.0000000
15470    0.646412411118294    0.0000000
15475    0.646203554119548    0.0000000
15480    0.645994832041344    0.0000000
15485    0.645786244752987    0.0000000
15490    0.645577792123951    0.0000000
15495    0.645369474023879    0.0000000
15500    0.645161290322581    0.0000000
15505    0.644953240890035    0.0000000
15510    0.644745325596389    0.0000000
15515    0.644537544311956    0.0000000
15520    0.644329896907217    0.0000000
15525    0.644122383252818    0.0000000
15530    0.643915003219575    0.0000000
15535    0.643707756678468    0.0000000
15540    0.643500643500644    0.0000000
15545    0.643293663557414    0.0000000
15550    0.643086816720257    0.0000000
15555    0.642880102860816    0.0000000
15560    0.6426735218509        0.0000000
15565    0.64246707356248    0.0000000
15570    0.642260757867694    0.0000000
15575    0.642054574638844    0.0000000
15580    0.641848523748395    0.0000000
15585    0.641642605068977    0.0000000
15590    0.64143681847338    0.0000000
15595    0.641231163834562    0.0000004
15600    0.641025641025641    0.0000029
15605    0.640820249919898    0.0000052
15610    0.640614990390775    0.0000072
15615    0.64040986231188    0.0000088
15620    0.640204865556978    0.0000101
15625    0.64            0.0000109
15630    0.639795265515035    0.0000114
15635    0.639590661976335    0.0000113
15640    0.639386189258312    0.0000109
15645    0.639181847235539    0.0000102
15650    0.638977635782748    0.0000091
15655    0.638773554774832    0.0000077
15660    0.638569604086845    0.0000061
15665    0.638365783593999    0.0000043
15670    0.638162093171666    0.0000023
15675    0.637958532695375    0.0000002
15680    0.637755102040816    0.0000000
15685    0.637551801083838    0.0000000
15690    0.637348629700446    0.0000000
15695    0.637145587766805    0.0000000
15700    0.636942675159236    0.0000000
15705    0.636739891754218    0.0000000
15710    0.63653723742839    0.0000000
15715    0.636334712058543    0.0000000
15720    0.636132315521629    0.0000000
15725    0.635930047694754    0.0000000
15730    0.635727908455181    0.0000000
15735    0.635525897680331    0.0000000
15740    0.635324015247776    0.0000000
15745    0.635122261035249    0.0000000
15750    0.634920634920635    0.0000000
15755    0.634719136781974    0.0000000
15760    0.634517766497462    0.0000000
15765    0.634316523945449    0.0000000
15770    0.634115409004439    0.0000000
15775    0.63391442155309    0.0000000
15780    0.633713561470216    0.0000000
15785    0.63351282863478    0.0000000
15790    0.633312222925902    0.0000000
15795    0.633111744222855    0.0000000
15800    0.632911392405063    0.0000000
15805    0.632711167352104    0.0000000
15810    0.632511068943707    0.0000000
15815    0.632311097059753    0.0000000
15820    0.632111251580278    0.0000000
15825    0.631911532385466    0.0000000
15830    0.631711939355654    0.0000000
15835    0.631512472371329    0.0000000
15840    0.631313131313131    0.0000000
15845    0.631113916061849    0.0000000
15850    0.630914826498423    0.0000000
15855    0.630715862503942    0.0000000
15860    0.630517023959647    0.0000000
15865    0.630318310746927    0.0000000
15870    0.630119722747322    0.0000000
15875    0.62992125984252    0.0000000
15880    0.629722921914358    0.0000000
15885    0.629524708844822    0.0000000
15890    0.629326620516048    0.0000000
15895    0.629128656810318    0.0000000
15900    0.628930817610063    0.0000000
15905    0.628733102797862    0.0000000
15910    0.628535512256442    0.0000000
15915    0.628338045868677    0.0000000
15920    0.628140703517588    0.0000000
15925    0.627943485086342    0.0000000
15930    0.627746390458255    0.0000000
15935    0.627549419516787    0.0000000
15940    0.627352572145546    0.0000000
15945    0.627155848228285    0.0000000
15950    0.626959247648903    0.0000000
15955    0.626762770291445    0.0000000
15960    0.6265664160401        0.0000000
15965    0.626370184779205    0.0000000
15970    0.626174076393237    0.0000000
15975    0.625978090766823    0.0000000
15980    0.625782227784731    0.0000000
15985    0.625586487331874    0.0000000
15990    0.625390869293308    0.0000000
15995    0.625195373554236    0.0000000
16000    0.625            0.0000000
16005    0.624804748516089    0.0000001
16010    0.624609618988132    0.0000032
16015    0.624414611301904    0.0000059
16020    0.624219725343321    0.0000083
16025    0.62402496099844    0.0000102
16030    0.623830318153462    0.0000117
16035    0.62363579669473    0.0000127
16040    0.623441396508728    0.0000134
16045    0.623247117482082    0.0000136
16050    0.623052959501558    0.0000135
16055    0.622858922454064    0.000013
16060    0.62266500622665    0.0000123
16065    0.622471210706505    0.0000113
16070    0.622277535780958    0.0000101
16075    0.622083981337481    0.0000087
16080    0.621890547263682    0.0000072
16085    0.621697233447311    0.0000055
16090    0.621504039776259    0.0000037
16095    0.621310966138552    0.0000017
16100    0.62111801242236    0.0000000
16105    0.620925178515989    0.0000000
16110    0.620732464307883    0.0000000
16115    0.620539869686627    0.0000000
16120    0.620347394540943    0.0000000
16125    0.62015503875969    0.0000000
16130    0.619962802231866    0.0000000
16135    0.619770684846607    0.0000000
16140    0.619578686493185    0.0000000
16145    0.61938680706101    0.0000000
16150    0.619195046439629    0.0000000
16155    0.619003404518725    0.0000000
16160    0.618811881188119    0.0000000
16165    0.618620476337767    0.0000000
16170    0.618429189857761    0.0000000
16175    0.618238021638331    0.0000000
16180    0.618046971569839    0.0000000
16185    0.617856039542787    0.0000000
16190    0.617665225447807    0.0000000
16195    0.617474529175671    0.0000000
16200    0.617283950617284    0.0000000
16205    0.617093489663684    0.0000000
16210    0.616903146206046    0.0000000
16215    0.616712920135677    0.0000000
16220    0.61652281134402    0.0000000
16225    0.61633281972265    0.0000000
16230    0.616142945163278    0.0000000
16235    0.615953187557746    0
16240    0.61576354679803    0
16245    0.615574022776239    0
16250    0.615384615384615    0
16255    0.615195324515534    0
16260    0.615006150061501    0
16265    0.614817091915155    0
16270    0.614628149969269    0
16275    0.614439324116743    0
16280    0.614250614250614    0
16285    0.614062020264047    0
16290    0.613873542050338    0
16295    0.613685179502915    0
16300    0.613496932515337    0
16305    0.613308800981294    0
16310    0.613120784794605    0
16315    0.612932883849219    0
16320    0.612745098039216    0
16325    0.612557427258805    0
16330    0.612369871402327    0
16335    0.612182430364249    0
16340    0.611995104039168    0
16345    0.611807892321811    0
16350    0.611620795107034    0
16355    0.61143381228982    0
16360    0.611246943765281    0
16365    0.611060189428659    0
16370    0.610873549175321    0
16375    0.610687022900763    0
16380    0.610500610500611    0
16385    0.610314311870613    0
16390    0.61012812690665    0
16395    0.609942055504727    0
16400    0.609756097560976    0
16405    0.609570252971655    0
16410    0.60938452163315    0
16415    0.609198903441974    0
16420    0.609013398294763    0
16425    0.60882800608828    0
16430    0.608642726719416    0
16435    0.608457560085184    0
16440    0.608272506082725    0
16445    0.608087564609304    0
16450    0.60790273556231    0
16455    0.607718018839259    0
16460    0.607533414337789    0
16465    0.607348921955663    0
16470    0.607164541590771    0
16475    0.606980273141123    0
16480    0.606796116504854    0
16485    0.606612071580224    0
16490    0.606428138265615    0
16495    0.606244316459533    0
16500    0.606060606060606    0
16505    0.605877006967586    0
16510    0.605693519079346    0
16515    0.605510142294883    0
16520    0.605326876513317    0
16525    0.605143721633888    0
16530    0.604960677555959    0
16535    0.604777744179014    0
16540    0.60459492140266    0
16545    0.604412209126624    0
16550    0.604229607250755    0
16555    0.604047115675023    0
16560    0.603864734299517    0
16565    0.603682463024449    0
16570    0.603500301750151    0
16575    0.603318250377074    0
16580    0.60313630880579    0
16585    0.602954476936991    0
16590    0.602772754671489    0
16595    0.602591141910214    0
16600    0.602409638554217    0
16605    0.602228244504667    0
16610    0.602046959662854    0
16615    0.601865783930184    0
16620    0.601684717208183    0
16625    0.601503759398496    0
16630    0.601322910402886    0
16635    0.601142170123234    0
16640    0.600961538461538    0
16645    0.600781015319916    0
16650    0.600600600600601    0
16655    0.600420294205944    0
16660    0.600240096038415    0
16665    0.6000600060006    0
16670    0.599880023995201    0
16675    0.599700149925037    0
16680    0.599520383693046    0
16685    0.599340725202278    0
16690    0.599161174355902    0
16695    0.598981731057203    0
16700    0.598802395209581    0
16705    0.598623166716552    0
16710    0.598444045481747    0
16715    0.598265031408914    0
16720    0.598086124401914    0
16725    0.597907324364723    0
16730    0.597728631201435    0
16735    0.597550044816253    0
16740    0.597371565113501    0
16745    0.597193191997611    0
16750    0.597014925373134    0
16755    0.596836765144733    0
16760    0.596658711217184    0
16765    0.596480763495377    0
16770    0.596302921884317    0
16775    0.596125186289121    0
16780    0.595947556615018    0
16785    0.595770032767352    0.0000004
16790    0.595592614651578    0.0000017
16795    0.595415302173266    0.0000028
16800    0.595238095238095    0.0000037
16805    0.59506099375186    0.0000043
16810    0.594883997620464    0.0000048
16815    0.594707106749926    0.0000051
16820    0.594530321046373    0.0000052
16825    0.594353640416048    0.0000052
16830    0.5941770647653        0.000005
16835    0.594000594000594    0.0000046
16840    0.593824228028504    0.0000041
16845    0.593647966755714    0.0000035
16850    0.593471810089021    0.0000027
16855    0.593295757935331    0.0000018
16860    0.593119810201661    0.0000007
16865    0.592943966795138    0
16870    0.592768227622999    0
16875    0.592592592592593    0
16880    0.592417061611374    0
16885    0.592241634586912    0
16890    0.59206631142688    0
16895    0.591891092039065    0
16900    0.591715976331361    0
16905    0.591540964211772    0
16910    0.591366055588409    0
16915    0.591191250369494    0
16920    0.591016548463357    0
16925    0.590841949778434    0
16930    0.590667454223272    0
16935    0.590493061706525    0
16940    0.590318772136954    0
16945    0.590144585423429    0
16950    0.589970501474926    0
16955    0.589796520200531    0
16960    0.589622641509434    0
16965    0.589448865310934    0
16970    0.589275191514437    0
16975    0.589101620029455    0
16980    0.588928150765607    0
16985    0.588754783632617    0
16990    0.588581518540318    0
16995    0.588408355398647    0
17000    0.588235294117647    0
17005    0.588062334607468    0
17010    0.587889476778366    0
17015    0.587716720540699    0
17020    0.587544065804935    0
17025    0.587371512481645    0
17030    0.587199060481503    0
17035    0.587026709715292    0
17040    0.586854460093897    0
17045    0.586682311528307    0
17050    0.586510263929619    0
17055    0.58633831720903    0
17060    0.586166471277843    0
17065    0.585994726047466    0
17070    0.585823081429408    0
17075    0.585651537335286    0
17080    0.585480093676815    0
17085    0.585308750365818    0
17090    0.585137507314219    0
17095    0.584966364434045    0
17100    0.584795321637427    0
17105    0.584624378836597    0
17110    0.584453535943892    0
17115    0.58428279287175    0
17120    0.58411214953271    0
17125    0.583941605839416    0
17130    0.583771161704612    0
17135    0.583600817041144    0
17140    0.58343057176196    0
17145    0.583260425780111    0
17150    0.583090379008746    0
17155    0.582920431361119    0
17160    0.582750582750583    0
17165    0.582580833090591    0
17170    0.5824111822947    0
17175    0.582241630276565    0
17180    0.582072176949942    0
17185    0.581902822228688    0
17190    0.58173356602676    0
17195    0.581564408258215    0
17200    0.581395348837209    0
17205    0.581226387678001    0
17210    0.581057524694945    0
17215    0.580888759802498    0
17220    0.580720092915215    0.0000013
17225    0.58055152394775    0.0000047
17230    0.580383052814858    0.0000078
17235    0.58021467943139    0.0000106
17240    0.580046403712297    0.0000129
17245    0.57987822557263    0.0000148
17250    0.579710144927536    0.0000163
17255    0.579542161692263    0.0000173
17260    0.579374275782155    0.000018
17265    0.579206487112656    0.0000184
17270    0.579038795599305    0.0000185
17275    0.578871201157742    0.0000184
17280    0.578703703703704    0.0000181
17285    0.578536303153023    0.0000176
17290    0.578368999421631    0.0000169
17295    0.578201792425556    0.0000162
17300    0.578034682080925    0.0000154
17305    0.577867668303958    0.0000145
17310    0.577700751010976    0.0000137
17315    0.577533930118394    0.0000129
17320    0.577367205542725    0.0000122
17325    0.577200577200577    0.0000115
17330    0.577034045008656    0.000011
17335    0.576867608883761    0.0000106
17340    0.576701268742791    0.0000105
17345    0.576535024502739    0.0000106
17350    0.576368876080692    0.0000109
17355    0.576202823393835    0.0000116
17360    0.576036866359447    0.0000126
17365    0.575871004894904    0.0000141
17370    0.575705238917674    0.0000158
17375    0.575539568345324    0.0000179
17380    0.575373993095512    0.0000204
17385    0.575208513085994    0.000023
17390    0.575043128234618    0.0000259
17395    0.574877838459327    0.000029
17400    0.574712643678161    0.0000323
17405    0.57454754380925    0.0000356
17410    0.574382538770821    0.0000391
17415    0.574217628481194    0.0000426
17420    0.574052812858783    0.0000462
17425    0.573888091822095    0.0000498
17430    0.57372346528973    0.0000534
17435    0.573558933180384    0.0000569
17440    0.573394495412844    0.0000603
17445    0.57323015190599    0.0000636
17450    0.573065902578797    0.0000668
17455    0.572901747350329    0.0000697
17460    0.572737686139748    0.0000725
17465    0.572573718866304    0.000075
17470    0.572409845449342    0.0000773
17475    0.572246065808298    0.0000792
17480    0.5720823798627        0.0000808
17485    0.57191878753217    0.000082
17490    0.571755288736421    0.0000828
17495    0.571591883395256    0.0000832
17500    0.571428571428571    0.0000833
17505    0.571265352756355    0.0000831
17510    0.571102227298686    0.0000826
17515    0.570939194975735    0.0000818
17520    0.570776255707763    0.0000808
17525    0.570613409415121    0.0000796
17530    0.570450656018254    0.0000782
17535    0.570287995437696    0.0000767
17540    0.570125427594071    0.000075
17545    0.569962952408093    0.0000732
17550    0.56980056980057    0.0000712
17555    0.569638279692395    0.0000692
17560    0.569476082004556    0.0000672
17565    0.569313976658127    0.000065
17570    0.569151963574274    0.0000629
17575    0.568990042674253    0.0000607
17580    0.568828213879408    0.0000585
17585    0.568666477111174    0.0000563
17590    0.568504832291074    0.0000542
17595    0.568343279340722    0.0000522
17600    0.568181818181818    0.0000502
17605    0.568020448736155    0.0000483
17610    0.56785917092561    0.0000465
17615    0.567697984672154    0.0000449
17620    0.567536889897843    0.0000433
17625    0.567375886524823    0.0000418
17630    0.567214974475326    0.0000404
17635    0.567054153671676    0.0000391
17640    0.566893424036281    0.0000378
17645    0.566732785491641    0.0000366
17650    0.56657223796034    0.0000354
17655    0.566411781365052    0.0000343
17660    0.566251415628539    0.0000333
17665    0.566091140673648    0.0000322
17670    0.565930956423316    0.0000312
17675    0.565770862800566    0.0000302
17680    0.565610859728507    0.0000292
17685    0.565450947130336    0.0000282
17690    0.565291124929339    0.0000272
17695    0.565131393048884    0.0000263
17700    0.564971751412429    0.0000253
17705    0.564812199943519    0.0000242
17710    0.564652738565782    0.0000232
17715    0.564493367202935    0.0000221
17720    0.564334085778781    0.000021
17725    0.564174894217207    0.0000198
17730    0.564015792442188    0.0000186
17735    0.563856780377784    0.0000174
17740    0.56369785794814    0.000016
17745    0.563539025077487    0.0000147
17750    0.563380281690141    0.0000133
17755    0.563221627710504    0.0000118
17760    0.563063063063063    0.0000103
17765    0.56290458767239    0.0000088
17770    0.56274620146314    0.0000073
17775    0.562587904360056    0.0000057
17780    0.562429696287964    0.0000041
17785    0.562271577171774    0.0000025
17790    0.562113546936481    0.000001
17795    0.561955605507165    0.0000000
17800    0.561797752808989    0.0000000
17805    0.5616399887672        0.0000000
17810    0.561482313307131    0.0000000
17815    0.561324726354196    0.0000000
17820    0.561167227833894    0.0000000
17825    0.561009817671809    0.0000000
17830    0.560852495793606    0.0000000
17835    0.560695262125035    0.0000000
17840    0.560538116591928    0.0000000
17845    0.560381059120202    0.0000000
17850    0.560224089635854    0.0000000
17855    0.560067208064968    0.0000000
17860    0.559910414333707    0.0000000
17865    0.559753708368318    0.0000000
17870    0.559597090095132    0
17875    0.559440559440559    0
17880    0.559284116331096    0
17885    0.559127760693318    0
17890    0.558971492453885    0
17895    0.558815311539536    0
17900    0.558659217877095    0
17905    0.558503211393465    0
17910    0.558347292015634    0
17915    0.558191459670667    0
17920    0.558035714285714    0
17925    0.557880055788006    0
17930    0.557724484104852    0
17935    0.557568999163647    0
17940    0.557413600891862    0
17945    0.557258289217052    0
17950    0.557103064066852    0
17955    0.556947925368978    0
17960    0.556792873051225    0
17965    0.55663790704147    0
17970    0.556483027267668    0
17975    0.556328233657858    0
17980    0.556173526140156    0
17985    0.556018904642758    0
17990    0.555864369093941    0
17995    0.555709919422062    0
18000    0.555555555555556    0
18005    0.555401277422938    0.0000001
18010    0.555247084952804    0.000004
18015    0.555092978073827    0.000008
18020    0.554938956714761    0.0000121
18025    0.554785020804438    0.0000163
18030    0.554631170271769    0.0000206
18035    0.554477405045744    0.0000249
18040    0.554323725055432    0.0000292
18045    0.554170130229981    0.0000334
18050    0.554016620498615    0.0000377
18055    0.55386319579064    0.0000418
18060    0.553709856035437    0.0000458
18065    0.553556601162469    0.0000497
18070    0.553403431101273    0.0000533
18075    0.553250345781466    0.0000568
18080    0.553097345132743    0.00006
18085    0.552944429084877    0.000063
18090    0.552791597567717    0.0000656
18095    0.552638850511191    0.0000678
18100    0.552486187845304    0.0000697
18105    0.552333609500138    0.0000711
18110    0.552181115405853    0.000072
18115    0.552028705492686    0.0000724
18120    0.551876379690949    0.0000723
18125    0.551724137931034    0.0000716
18130    0.551571980143409    0.0000704
18135    0.551419906258616    0.0000687
18140    0.551267916207277    0.0000666
18145    0.551116009920088    0.0000642
18150    0.550964187327824    0.0000613
18155    0.550812448361333    0.0000582
18160    0.550660792951542    0.0000548
18165    0.550509221029452    0.0000511
18170    0.550357732526142    0.0000472
18175    0.550206327372765    0.0000431
18180    0.55005500550055    0.0000388
18185    0.549903766840803    0.0000344
18190    0.549752611324904    0.0000298
18195    0.549601538884309    0.0000252
18200    0.549450549450549    0.0000205
18205    0.549299642955232    0.0000158
18210    0.549148819330038    0.0000111
18215    0.548998078506725    0.0000064
18220    0.548847420417124    0.0000017
18225    0.548696844993141    0
18230    0.548546352166758    0
18235    0.54839594187003    0
18240    0.548245614035088    0
18245    0.548095368594135    0
18250    0.547945205479452    0
18255    0.547795124623391    0
18260    0.547645125958379    0
18265    0.547495209416918    0
18270    0.547345374931582    0
18275    0.547195622435021    0
18280    0.547045951859956    0
18285    0.546896363139185    0
18290    0.546746856205577    0
18295    0.546597430992074    0
18300    0.546448087431694    0
18305    0.546298825457525    0
18310    0.546149645002731    0
18315    0.546000546000546    0
18320    0.54585152838428    0
18325    0.545702592087312    0
18330    0.545553737043099    0
18335    0.545404963185165    0
18340    0.54525627044711    0
18345    0.545107658762606    0
18350    0.544959128065395    0
18355    0.544810678289295    0
18360    0.544662309368192    0
18365    0.544514021236047    0
18370    0.544365813826892    0
18375    0.54421768707483    0
18380    0.544069640914037    0
18385    0.54392167527876    0
18390    0.543773790103317    0
18395    0.543625985322098    0
18400    0.543478260869565    0
18405    0.54333061668025    0
18410    0.543183052688756    0
18415    0.543035568829758    0
18420    0.542888165038002    0
18425    0.542740841248304    0
18430    0.542593597395551    0
18435    0.5424464334147    0
18440    0.542299349240781    0
18445    0.542152344808891    0
18450    0.542005420054201    0.0000013
18455    0.541858574911948    0.0000053
18460    0.541711809317443    0.0000092
18465    0.541565123206066    0.0000128
18470    0.541418516513265    0.0000162
18475    0.54127198917456    0.0000193
18480    0.541125541125541    0.0000221
18485    0.540979172301866    0.0000245
18490    0.540832882639264    0.0000265
18495    0.540686672073533    0.000028
18500    0.540540540540541    0.000029
18505    0.540394487976223    0.0000294
18510    0.540248514316586    0.0000292
18515    0.540102619497705    0.0000283
18520    0.539956803455724    0.0000267
18525    0.539811066126856    0.0000243
18530    0.539665407447383    0.0000212
18535    0.539519827353655    0.0000175
18540    0.539374325782093    0.0000133
18545    0.539228902669183    0.0000085
18550    0.539083557951482    0.0000033
18555    0.538938291565616    0
18560    0.538793103448276    0
18565    0.538647993536224    0
18570    0.53850296176629    0
18575    0.53835800807537    0
18580    0.538213132400431    0
18585    0.538068334678504    0
18590    0.537923614846692    0
18595    0.537778972842162    0
18600    0.537634408602151    0
18605    0.537489922063961    0
18610    0.537345513164965    0
18615    0.5372011818426    0
18620    0.537056928034372    0
18625    0.536912751677852    0
18630    0.536768652710682    0
18635    0.536624631070566    0
18640    0.536480686695279    0
18645    0.53633681952266    0
18650    0.536193029490617    0
18655    0.536049316537121    0
18660    0.535905680600214    0
18665    0.535762121618002    0
18670    0.535618639528656    0
18675    0.535475234270415    0
18680    0.535331905781585    0
18685    0.535188654000535    0
18690    0.535045478865704    0
18695    0.534902380315592    0
18700    0.53475935828877    0
18705    0.534616412723871    0
18710    0.534473543559594    0
18715    0.534330750734705    0
18720    0.534188034188034    0
18725    0.534045393858478    0
18730    0.533902829684997    0
18735    0.533760341606619    0
18740    0.533617929562433    0
18745    0.533475593491598    0
18750    0.533333333333333    0
18755    0.533191149026926    0
18760    0.533049040511727    0
18765    0.532907007727152    0
18770    0.53276505061268    0
18775    0.532623169107856    0
18780    0.53248136315229    0
18785    0.532339632685653    0
18790    0.532197977647685    0
18795    0.532056397978186    0
18800    0.531914893617021    0
18805    0.531773464504121    0
18810    0.531632110579479    0
18815    0.531490831783152    0
18820    0.53134962805526    0.0000021
18825    0.531208499335989    0.0000072
18830    0.531067445565587    0.0000121
18835    0.530926466684364    0.0000169
18840    0.530785562632696    0.0000216
18845    0.530644733351021    0.0000261
18850    0.530503978779841    0.0000305
18855    0.530363298859719    0.0000347
18860    0.530222693531283    0.0000387
18865    0.530082162735224    0.0000425
18870    0.529941706412295    0.0000462
18875    0.529801324503311    0.0000495
18880    0.529661016949153    0.0000527
18885    0.52952078369076    0.0000556
18890    0.529380624669137    0.0000581
18895    0.529240539825351    0.0000604
18900    0.529100529100529    0.0000624
18905    0.528960592435864    0.000064
18910    0.528820729772607    0.0000652
18915    0.528680941052075    0.000066
18920    0.528541226215645    0.0000664
18925    0.528401585204756    0.0000663
18930    0.528262017960909    0.0000658
18935    0.528122524425667    0.0000647
18940    0.527983104540655    0.000063
18945    0.527843758247559    0.0000607
18950    0.527704485488127    0.0000579
18955    0.527565286204168    0.0000546
18960    0.527426160337553    0.0000509
18965    0.527287107830214    0.0000468
18970    0.527148128624143    0.0000423
18975    0.527009222661397    0.0000376
18980    0.526870389884089    0.0000326
18985    0.526731630234396    0.0000274
18990    0.526592943654555    0.0000221
18995    0.526454330086865    0.0000167
19000    0.526315789473684    0.0000112
19005    0.526177321757432    0.0000057
19010    0.526038926880589    0.0000002
19015    0.525900604785696    0
19020    0.525762355415352    0
19025    0.525624178712221    0
19030    0.525486074619023    0
19035    0.52534804307854    0
19040    0.525210084033613    0
19045    0.525072197427146    0
19050    0.5249343832021        0
19055    0.524796641301496    0
19060    0.524658971668416    0
19065    0.524521374246001    0
19070    0.524383848977451    0
19075    0.524246395806029    0
19080    0.524109014675052    0
19085    0.523971705527902    0
19090    0.523834468308015    0
19095    0.52369730295889    0
19100    0.523560209424084    0
19105    0.523423187647213    0
19110    0.523286237571952    0
19115    0.523149359142035    0
19120    0.523012552301255    0
19125    0.522875816993464    0
19130    0.522739153162572    0
19135    0.522602560752548    0
19140    0.522466039707419    0
19145    0.522329589971272    0.0000032
19150    0.522193211488251    0.0000098
19155    0.522056904202558    0.0000165
19160    0.521920668058455    0.0000233
19165    0.521784503000261    0.0000302
19170    0.521648408972353    0.000037
19175    0.521512385919166    0.0000437
19180    0.521376433785193    0.0000504
19185    0.521240552514986    0.0000569
19190    0.521104742053153    0.0000633
19195    0.52096900234436    0.0000694
19200    0.520833333333333    0.0000752
19205    0.520697734964853    0.0000807
19210    0.520562207183758    0.0000858
19215    0.520426749934947    0.0000905
19220    0.520291363163371    0.0000947
19225    0.520156046814044    0.0000984
19230    0.520020800832033    0.0001015
19235    0.519885625162464    0.0001039
19240    0.51975051975052    0.0001058
19245    0.519615484541439    0.000107
19250    0.519480519480519    0.0001078
19255    0.519345624513113    0.0001081
19260    0.519210799584631    0.000108
19265    0.51907604464054    0.0001075
19270    0.518941359626362    0.0001067
19275    0.518806744487678    0.0001057
19280    0.518672199170125    0.0001044
19285    0.518537723619393    0.000103
19290    0.518403317781234    0.0001014
19295    0.518268981601451    0.0000997
19300    0.518134715025907    0.0000979
19305    0.518000518000518    0.0000961
19310    0.517866390471258    0.0000944
19315    0.517732332384157    0.0000927
19320    0.5175983436853        0.000091
19325    0.517464424320828    0.0000896
19330    0.517330574236937    0.0000883
19335    0.517196793379881    0.0000872
19340    0.517063081695967    0.0000864
19345    0.516929439131559    0.0000859
19350    0.516795865633075    0.0000857
19355    0.51666236114699    0.000086
19360    0.516528925619835    0.0000867
19365    0.516395558998193    0.0000879
19370    0.516262261228704    0.0000896
19375    0.516129032258065    0.000092
19380    0.515995872033024    0.000095
19385    0.515862780500387    0.0000987
19390    0.515729757607014    0.0001031
19395    0.51559680329982    0.0001081
19400    0.515463917525773    0.0001136
19405    0.515331100231899    0.0001197
19410    0.515198351365276    0.0001261
19415    0.515065670873036    0.000133
19420    0.514933058702369    0.0001402
19425    0.514800514800515    0.0001477
19430    0.514668039114771    0.0001555
19435    0.514535631592488    0.0001634
19440    0.51440329218107    0.0001716
19445    0.514271020827976    0.0001799
19450    0.51413881748072    0.0001882
19455    0.514006682086867    0.0001966
19460    0.513874614594039    0.000205
19465    0.51374261494991    0.0002134
19470    0.513610683102209    0.0002217
19475    0.513478818998716    0.0002298
19480    0.513347022587269    0.0002378
19485    0.513215293815756    0.0002456
19490    0.513083632632119    0.0002532
19495    0.512952038984355    0.0002604
19500    0.512820512820513    0.0002673
19505    0.512689054088695    0.0002739
19510    0.512557662737058    0.00028
19515    0.51242633871381    0.0002856
19520    0.512295081967213    0.0002907
19525    0.512163892445583    0.0002952
19530    0.512032770097286    0.000299
19535    0.511901714870745    0.0003021
19540    0.511770726714432    0.0003045
19545    0.511639805576874    0.0003063
19550    0.51150895140665    0.0003075
19555    0.511378164152391    0.0003081
19560    0.511247443762781    0.0003082
19565    0.511116790186558    0.0003079
19570    0.510986203372509    0.000307
19575    0.510855683269476    0.0003058
19580    0.510725229826353    0.0003041
19585    0.510594842992086    0.0003021
19590    0.510464522715671    0.0002998
19595    0.51033426894616    0.0002971
19600    0.510204081632653    0.0002942
19605    0.510073960724305    0.000291
19610    0.509943906170321    0.0002875
19615    0.509813917919959    0.0002839
19620    0.509683995922528    0.00028
19625    0.509554140127389    0.0002759
19630    0.509424350483953    0.0002717
19635    0.509294626941686    0.0002673
19640    0.509164969450102    0.0002628
19645    0.509035377958768    0.0002582
19650    0.508905852417303    0.0002535
19655    0.508776392775375    0.0002487
19660    0.508646998982706    0.0002438
19665    0.508517670989067    0.0002388
19670    0.508388408744281    0.0002339
19675    0.508259212198221    0.0002288
19680    0.508130081300813    0.0002238
19685    0.508001016002032    0.0002187
19690    0.507872016251904    0.0002137
19695    0.507743082000508    0.0002086
19700    0.507614213197969    0.0002036
19705    0.507485409794468    0.0001986
19710    0.507356671740233    0.0001937
19715    0.507227998985544    0.0001888
19720    0.50709939148073    0.000184
19725    0.506970849176172    0.0001793
19730    0.506842372022301    0.0001746
19735    0.506713959969597    0.0001701
19740    0.506585612968592    0.0001656
19745    0.506457330969866    0.0001613
19750    0.506329113924051    0.0001571
19755    0.506200961781827    0.0001531
19760    0.506072874493927    0.0001492
19765    0.505944852011131    0.0001455
19770    0.505816894284269    0.000142
19775    0.505689001264222    0.0001387
19780    0.505561172901921    0.0001356
19785    0.505433409148345    0.0001328
19790    0.505305709954522    0.0001303
19795    0.505178075271533    0.000128
19800    0.505050505050505    0.000126
19805    0.504922999242616    0.0001244
19810    0.504795557799091    0.0001231
19815    0.504668180671209    0.0001222
19820    0.504540867810293    0.0001217
19825    0.504413619167718    0.0001216
19830    0.504286434694907    0.000122
19835    0.504159314343332    0.000123
19840    0.504032258064516    0.0001244
19845    0.503905265810028    0.0001265
19850    0.503778337531486    0.0001291
19855    0.503651473180559    0.0001322
19860    0.503524672708963    0.0001358
19865    0.503397936068462    0.00014
19870    0.503271263210871    0.0001446
19875    0.50314465408805    0.0001496
19880    0.503018108651911    0.000155
19885    0.502891626854413    0.0001609
19890    0.502765208647562    0.0001671
19895    0.502638853983413    0.0001737
19900    0.50251256281407    0.0001807
19905    0.502386335091686    0.000188
19910    0.502260170768458    0.0001956
19915    0.502134069796636    0.0002036
19920    0.502008032128514    0.0002119
19925    0.501882057716437    0.0002205
19930    0.501756146512795    0.0002295
19935    0.501630298470028    0.0002387
19940    0.501504513540622    0.0002483
19945    0.501378791677112    0.0002582
19950    0.50125313283208    0.0002684
19955    0.501127536958156    0.0002789
19960    0.501002004008016    0.0002897
19965    0.500876533934385    0.0003009
19970    0.500751126690035    0.0003124
19975    0.500625782227785    0.0003243
19980    0.500500500500501    0.0003365
19985    0.500375281461096    0.0003491
19990    0.500250125062531    0.0003621
19995    0.500125031257814    0.0003755
