Wavenumber (cm^-1)    Wavelength (um)    Normalized SRF
23250    0.43010752688172    0.0005578
23245    0.430200043020004    0.0005974
23240    0.430292598967298    0.0006357
23235    0.430385194749301    0.0006728
23230    0.430477830391735    0.0007088
23225    0.430570505920344    0.0007438
23220    0.430663221360896    0.0007778
23215    0.430755976739177    0.0008109
23210    0.430848772081       0.0008432
23205    0.430941607412196    0.0008747
23200    0.431034482758621    0.0009054
23195    0.431127398146152    0.0009354
23190    0.43122035360069     0.0009647
23185    0.431313349148156    0.0009933
23180    0.431406384814495    0.0010213
23175    0.431499460625674    0.0010486
23170    0.431592576607682    0.0010753
23165    0.431685732786531    0.0011014
23160    0.431778929188256    0.0011269
23155    0.431872165838912    0.0011517
23150    0.431965442764579    0.0011759
23145    0.432058759991359    0.0011994
23140    0.432152117545376    0.0012222
23135    0.432245515452777    0.0012443
23130    0.432338953739732    0.0012656
23125    0.432432432432432    0.001286
23120    0.432525951557093    0.0013055
23115    0.432619511139952    0.001324
23110    0.43271311120727    0.0013413
23105    0.432806751785328    0.0013575
23100    0.432900432900433    0.0013724
23095    0.432994154578913    0.0013859
23090    0.43308791684712    0.0013979
23085    0.433181719731427    0.0014082
23080    0.433275563258232    0.0014167
23075    0.433369447453955    0.0014233
23070    0.433463372345037    0.0014276
23065    0.433557337957945    0.0014297
23060    0.433651344319167    0.0014291
23055    0.433745391455216    0.0014258
23050    0.433839479392625    0.0014194
23045    0.433933608157952    0.0014097
23040    0.434027777777778    0.0013963
23035    0.434121988278706    0.0013792
23030    0.434216239687364    0.0013589
23025    0.434310532030402    0.0013357
23020    0.434404865334492    0.0013102
23015    0.434499239626331    0.0012827
23010    0.434593654932638    0.0012536
23005    0.434688111280156    0.0012232
23000    0.434782608695652    0.0011921
22995    0.434877147205914    0.0011605
22990    0.434971726837756    0.0011287
22985    0.435066347618012    0.0010972
22980    0.435161009573542    0.0010663
22975    0.43525571273123    0.0010364
22970    0.43535045711798    0.0010078
22965    0.435445242760723    0.0009809
22960    0.435540069686411    0.0009561
22955    0.435634937922021    0.0009339
22950    0.435729847494553    0.0009147
22945    0.435824798431031    0.0008989
22940    0.4359197907585    0.000887
22935    0.436014824504033    0.0008795
22930    0.436109899694723    0.0008767
22925    0.436205016357688    0.0008782
22920    0.43630017452007    0.0008836
22915    0.436395374209033    0.0008923
22910    0.436490615451768    0.000904
22905    0.436585898275486    0.0009183
22900    0.436681222707424    0.0009348
22895    0.436776588774842    0.0009531
22890    0.436871996505024    0.0009729
22885    0.436967445925279    0.000994
22880    0.437062937062937    0.0010159
22875    0.437158469945355    0.0010383
22870    0.437254044599913    0.001061
22865    0.437349661054013    0.0010836
22860    0.437445319335083    0.0011059
22855    0.437541019470575    0.0011275
22850    0.437636761487965    0.0011481
22845    0.437732545414752    0.0011674
22840    0.437828371278459    0.0011851
22835    0.437924239106635    0.0012007
22830    0.438020148926851    0.0012141
22825    0.438116100766703    0.0012249
22820    0.438212094653812    0.0012333
22815    0.438308130615823    0.0012396
22810    0.438404208680403    0.001244
22805    0.438500328875247    0.0012466
22800    0.43859649122807    0.0012476
22795    0.438692695766615    0.0012472
22790    0.438788942518648    0.0012455
22785    0.43888523151196    0.0012427
22780    0.438981562774363    0.0012389
22775    0.439077936333699    0.0012342
22770    0.43917435221783    0.0012287
22765    0.439270810454645    0.0012226
22760    0.439367311072056    0.0012158
22755    0.439463854098        0.0012086
22750    0.43956043956044    0.0012011
22745    0.43965706748736    0.0011932
22740    0.439753737906772    0.0011851
22735    0.439850450846712    0.0011769
22730    0.43994720633524    0.0011687
22725    0.44004400440044    0.0011605
22720    0.440140845070423    0.0011524
22715    0.440237728373322    0.0011442
22710    0.440334654337296    0.0011359
22705    0.440431622990531    0.0011273
22700    0.440528634361233    0.0011184
22695    0.440625688477638    0.001109
22690    0.440722785368004    0.001099
22685    0.440819925060613    0.0010884
22680    0.440917107583774    0.0010769
22675    0.441014332965821    0.0010644
22670    0.441111601235112    0.0010509
22665    0.441208912420031    0.0010362
22660    0.441306266548985    0.0010201
22655    0.441403663650408    0.0010024
22650    0.441501103752759    0.000983
22645    0.441598586884522    0.0009617
22640    0.441696113074205    0.0009383
22635    0.441793682350342    0.0009125
22630    0.441891294741494    0.0008842
22625    0.441988950276243    0.000853
22620    0.442086648983201    0.0008188
22615    0.442184390891002    0.0007818
22610    0.442282176028306    0.0007424
22605    0.4423800044238        0.000701
22600    0.442477876106195    0.0006581
22595    0.442575791104227    0.0006139
22590    0.442673749446658    0.0005688
22585    0.442771751162276    0.0005232
22580    0.442869796279894    0.0004774
22575    0.44296788482835    0.0004317
22570    0.443066016836509    0.0003866
22565    0.443164192333259    0.0003423
22560    0.443262411347518    0.0002992
22555    0.443360673908224    0.0002576
22550    0.443458980044346    0.000218
22545    0.443557329784875    0.0001808
22540    0.443655723158829    0.0001462
22535    0.443754160195252    0.0001148
22530    0.443852640923214    0.0000871
22525    0.443951165371809    0.0000635
22520    0.44404973357016    0.0000444
22515    0.444148345547413    0.0000301
22510    0.444247001332741    0.00002
22505    0.444345700955343    0.0000137
22500    0.444444444444444    0.000011
22495    0.444543231829295    0.0000114
22490    0.444642063139173    0.0000148
22485    0.44474093840338    0.0000207
22480    0.444839857651246    0.0000289
22475    0.444938820912125    0.0000393
22470    0.445037828215398    0.0000515
22465    0.445136879590474    0.0000654
22460    0.445235975066785    0.0000808
22455    0.445335114673792    0.0000974
22450    0.44543429844098    0.0001152
22445    0.445533526397861    0.0001339
22440    0.445632798573975    0.0001533
22435    0.445732114998886    0.0001735
22430    0.445831475702185    0.0001941
22425    0.445930880713489    0.000215
22420    0.446030330062444    0.0002362
22415    0.44612982377872    0.0002574
22410    0.446229361892013    0.0002785
22405    0.446328944432046    0.0002994
22400    0.446428571428571    0.00032
22395    0.446528242911364    0.0003401
22390    0.446627958910228    0.0003596
22385    0.446727719454992    0.0003782
22380    0.446827524575514    0.0003959
22375    0.446927374301676    0.0004125
22370    0.447027268663388    0.0004279
22365    0.447127207690588    0.0004417
22360    0.447227191413238    0.0004539
22355    0.447327219861329    0.0004642
22350    0.447427293064877    0.0004723
22345    0.447527411053927    0.0004782
22340    0.44762757385855    0.0004814
22335    0.447727781508843    0.0004818
22330    0.447828034034931    0.0004789
22325    0.447928331466965    0.0004726
22320    0.448028673835125    0.0004623
22315    0.448129061169617    0.0004481
22310    0.448229493500672    0.0004304
22305    0.448329970858552    0.0004096
22300    0.448430493273543    0.0003862
22295    0.448531060775959    0.0003605
22290    0.448631673396142    0.0003329
22285    0.44873233116446    0.0003039
22280    0.448833034111311    0.0002737
22275    0.448933782267116    0.0002427
22270    0.449034575662326    0.0002113
22265    0.44913541432742    0.0001798
22260    0.449236298292902    0.0001486
22255    0.449337227589306    0.000118
22250    0.449438202247191    0.0000883
22245    0.449539222297145    0.0000599
22240    0.449640287769784    0.0000331
22235    0.44974139869575    0.0000084
22230    0.449842555105713    0
22225    0.449943757030371    0
22220    0.45004500450045    0
22215    0.450146297546703    0
22210    0.45024763619991    0
22205    0.45034902049088    0
22200    0.450450450450451    0
22195    0.450551926109484    0
22190    0.450653447498873    0
22185    0.450755014649538    0
22180    0.450856627592426    0
22175    0.450958286358512    0
22170    0.4510599909788    0
22165    0.451161741484322    0
22160    0.451263537906137    0
22155    0.451365380275333    0
22150    0.451467268623025    0
22145    0.451569202980357    0.0000036
22140    0.4516711833785        0.0000206
22135    0.451773209848656    0.0000389
22130    0.451875282422052    0.0000584
22125    0.451977401129944    0.000079
22120    0.452079566003617    0.0001009
22115    0.452181777074384    0.0001239
22110    0.452284034373587    0.0001478
22105    0.452386337932594    0.0001725
22100    0.452488687782805    0.0001978
22095    0.452591083955646    0.0002236
22090    0.452693526482571    0.0002498
22085    0.452796015395065    0.0002761
22080    0.452898550724638    0.0003026
22075    0.453001132502831    0.000329
22070    0.453103760761214    0.0003552
22065    0.453206435531385    0.0003811
22060    0.453309156844968    0.0004066
22055    0.453411924733621    0.0004314
22050    0.453514739229025    0.0004556
22045    0.453617600362894    0.0004789
22040    0.453720508166969    0.0005011
22035    0.45382346267302    0.0005221
22030    0.453926463912846    0.0005418
22025    0.454029511918275    0.0005599
22020    0.454132606721163    0.0005763
22015    0.454235748353395    0.0005911
22010    0.454338936846888    0.0006042
22005    0.454442172233583    0.0006157
22000    0.454545454545455    0.0006257
21995    0.454648783814503    0.000634
21990    0.45475216007276    0.0006406
21985    0.454855583352286    0.0006456
21980    0.454959053685168    0.0006489
21975    0.455062571103527    0.0006503
21970    0.455166135639508    0.0006499
21965    0.45526974732529    0.0006474
21960    0.455373406193078    0.0006429
21955    0.455477112275108    0.0006362
21950    0.455580865603645    0.0006271
21945    0.455684666210982    0.0006155
21940    0.455788514129444    0.0006011
21935    0.455892409391384    0.0005839
21930    0.455996352029184    0.0005635
21925    0.456100342075257    0.0005398
21920    0.456204379562044    0.0005133
21915    0.456308464522017    0.0004843
21910    0.456412596987677    0.0004534
21905    0.456516776991554    0.000421
21900    0.45662100456621    0.0003876
21895    0.456725279744234    0.0003536
21890    0.456829602558246    0.0003194
21885    0.456933973040896    0.0002856
21880    0.457038391224863    0.0002525
21875    0.457142857142857    0.0002206
21870    0.457247370827618    0.0001903
21865    0.457351932311914    0.0001622
21860    0.457456541628545    0.0001366
21855    0.457561198810341    0.0001141
21850    0.45766590389016    0.0000952
21845    0.457770656900893    0.0000805
21840    0.457875457875458    0.0000705
21835    0.457980306846806    0.000066
21830    0.458085203847916    0.0000674
21825    0.458190148911798    0.0000744
21820    0.458295142071494    0.0000864
21815    0.458400183360073    0.0001026
21810    0.458505272810637    0.0001225
21805    0.458610410456317    0.0001456
21800    0.458715596330275    0.0001712
21795    0.458820830465703    0.0001989
21790    0.458926112895824    0.000228
21785    0.45903144365389    0.0002582
21780    0.459136822773186    0.0002889
21775    0.459242250287026    0.0003197
21770    0.459347726228755    0.0003499
21765    0.459453250631748    0.0003792
21760    0.459558823529412    0.0004071
21755    0.459664444955183    0.000433
21750    0.459770114942529    0.0004564
21745    0.459875833524948    0.0004767
21740    0.459981600735971    0.0004934
21735    0.460087416609156    0.000506
21730    0.460193281178095    0.0005147
21725    0.46029919447641    0.0005199
21720    0.460405156537753    0.000522
21715    0.460511167395809    0.0005215
21710    0.460617227084293    0.0005187
21705    0.46072333563695    0.0005141
21700    0.460829493087558    0.0005079
21695    0.460935699469924    0.0005005
21690    0.461041954817888    0.0004922
21685    0.461148259165322    0.0004833
21680    0.461254612546126    0.0004743
21675    0.461361014994233    0.0004653
21670    0.461467466543609    0.0004566
21665    0.461573967228248    0.0004487
21660    0.461680517082179    0.0004419
21655    0.46178711613946    0.0004364
21650    0.46189376443418    0.0004326
21645    0.462000462000462    0.0004308
21640    0.462107208872458    0.0004314
21635    0.462214005084354    0.0004342
21630    0.462320850670365    0.0004389
21625    0.46242774566474    0.0004452
21620    0.462534690101758    0.000453
21615    0.46264168401573    0.0004621
21610    0.462748727441        0.0004721
21605    0.462855820411942    0.000483
21600    0.462962962962963    0.0004946
21595    0.463070155128502    0.0005066
21590    0.463177396943029    0.0005188
21585    0.463284688441047    0.0005312
21580    0.46339202965709    0.0005435
21575    0.463499420625724    0.0005555
21570    0.463606861381548    0.000567
21565    0.463714351959193    0.000578
21560    0.463821892393321    0.0005881
21555    0.463929482718627    0.0005973
21550    0.464037122969838    0.0006052
21545    0.464144813181713    0.0006118
21540    0.464252553389044    0.0006171
21535    0.464360343626654    0.0006211
21530    0.464468183929401    0.0006239
21525    0.464576074332172    0.0006255
21520    0.464684014869888    0.0006259
21515    0.464792005577504    0.000625
21510    0.464900046490005    0.0006229
21505    0.465008137642409    0.0006196
21500    0.465116279069767    0.000615
21495    0.465224470807164    0.000609
21490    0.465332712889716    0.0006016
21485    0.465441005352572    0.0005928
21480    0.465549348230913    0.0005824
21475    0.465657741559953    0.0005704
21470    0.465766185374942    0.0005567
21465    0.465874679711158    0.0005411
21460    0.465983224603914    0.0005235
21455    0.466091820088557    0.0005038
21450    0.466200466200466    0.0004822
21445    0.466309162975052    0.0004591
21440    0.466417910447761    0.0004347
21435    0.46652670865407    0.0004092
21430    0.466635557629491    0.0003831
21425    0.466744457409568    0.0003564
21420    0.466853408029879    0.0003296
21415    0.466962409526033    0.0003028
21410    0.467071461933676    0.0002764
21405    0.467180565288484    0.0002506
21400    0.467289719626168    0.0002256
21395    0.467398924982473    0.0002018
21390    0.467508181393174    0.0001794
21385    0.467617488894085    0.0001587
21380    0.467726847521048    0.0001401
21375    0.467836257309942    0.0001239
21370    0.467945718296678    0.0001103
21365    0.468055230517201    0.0000999
21360    0.468164794007491    0.0000925
21355    0.468274408803559    0.0000879
21350    0.468384074941452    0.0000857
21345    0.46849379245725    0.0000856
21340    0.468603561387067    0.0000872
21335    0.468713381767049    0.0000904
21330    0.46882325363338    0.0000948
21325    0.468933177022274    0.0001002
21320    0.469043151969981    0.0001063
21315    0.469153178512784    0.0001129
21310    0.469263256687001    0.0001197
21305    0.469373386528984    0.0001265
21300    0.469483568075117    0.000133
21295    0.469593801361822    0.000139
21290    0.469704086425552    0.0001443
21285    0.469814423302795    0.0001485
21280    0.469924812030075    0.0001515
21275    0.470035252643948    0.0001529
21270    0.470145745181006    0.0001527
21265    0.470256289677874    0.0001509
21260    0.470366886171214    0.0001478
21255    0.470477534697718    0.0001435
21250    0.470588235294118    0.0001381
21245    0.470698987997176    0.0001317
21240    0.470809792843691    0.0001245
21235    0.470920649870497    0.0001165
21230    0.471031559114461    0.0001079
21225    0.471142520612485    0.0000988
21220    0.471253534401508    0.0000893
21215    0.471364600518501    0.0000794
21210    0.471475719000472    0.0000693
21205    0.471586889884461    0.000059
21200    0.471698113207547    0.0000486
21195    0.471809389006841    0.0000382
21190    0.47192071731949    0.000028
21185    0.472032098182676    0.0000179
21180    0.472143531633617    0.0000081
21175    0.472255017709563    0
21170    0.472366556447803    0
21165    0.47247814788566    0
21160    0.472589792060492    0
21155    0.47270148900969    0
21150    0.472813238770686    0
21145    0.472925041380941    0
21140    0.473036896877956    0
21135    0.473148805299267    0
21130    0.473260766682442    0
21125    0.473372781065089    0
21120    0.473484848484848    0
21115    0.473596968979398    0
21110    0.473709142586452    0
21105    0.473821369343757    0
21100    0.4739336492891    0
21095    0.474045982460299    0
21090    0.474158368895211    0
21085    0.474270808631729    0
21080    0.47438330170778    0
21075    0.474495848161329    0
21070    0.474608448030375    0
21065    0.474721101352955    0
21060    0.474833808167142    0
21055    0.474946568511043    0
21050    0.475059382422803    0
21045    0.475172249940604    0
21040    0.475285171102662    0.0000096
21035    0.475398145947231    0.0000208
21030    0.475511174512601    0.0000321
21025    0.475624256837099    0.0000436
21020    0.475737392959087    0.0000552
21015    0.475850582916964    0.0000667
21010    0.475963826749167    0.0000782
21005    0.476077124494168    0.0000895
21000    0.476190476190476    0.0001006
20995    0.476303881876637    0.0001114
20990    0.476417341591234    0.0001219
20985    0.476530855372885    0.000132
20980    0.476644423260248    0.0001416
20975    0.476758045292014    0.0001508
20970    0.476871721506915    0.0001594
20965    0.476985451943716    0.0001672
20960    0.477099236641221    0.0001744
20955    0.477213075638272    0.0001807
20950    0.477326968973747    0.0001861
20945    0.47744091668656    0.0001905
20940    0.477554918815664    0.0001937
20935    0.477668975400048    0.0001957
20930    0.477783086478739    0.0001963
20925    0.4778972520908        0.0001953
20920    0.478011472275335    0.0001927
20915    0.47812574707148    0.0001884
20910    0.478240076518412    0.0001825
20905    0.478354460655346    0.0001754
20900    0.478468899521531    0.0001673
20895    0.478583393156258    0.0001585
20890    0.478697941598851    0.0001493
20885    0.478812544888676    0.0001398
20880    0.478927203065134    0.0001302
20875    0.479041916167665    0.000121
20870    0.479156684235745    0.0001122
20865    0.479271507308891    0.0001042
20860    0.479386385426654    0.0000971
20855    0.479501318628626    0.0000914
20850    0.479616306954436    0.0000871
20845    0.479731350443752    0.0000846
20840    0.479846449136276    0.0000843
20835    0.479961603071754    0.0000863
20830    0.480076812289966    0.0000911
20825    0.480192076830732    0.0000986
20820    0.48030739673391    0.0001085
20815    0.480422772039395    0.0001205
20810    0.480538202787122    0.0001345
20805    0.480653689017063    0.0001502
20800    0.480769230769231    0.0001675
20795    0.480884828083674    0.000186
20790    0.481000481000481    0.0002058
20785    0.481116189559779    0.0002266
20780    0.481231953801732    0.0002482
20775    0.481347773766546    0.0002704
20770    0.481463649494463    0.0002933
20765    0.481579581025764    0.0003165
20760    0.481695568400771    0.00034
20755    0.481811611659841    0.0003636
20750    0.481927710843373    0.0003872
20745    0.482043865991805    0.0004107
20740    0.482160077145612    0.0004338
20735    0.48227634434531    0.0004566
20730    0.482392667631452    0.0004787
20725    0.482509047044632    0.0005002
20720    0.482625482625483    0.0005208
20715    0.482741974414675    0.0005403
20710    0.482858522452921    0.0005587
20705    0.482975126780971    0.0005757
20700    0.483091787439613    0.0005911
20695    0.483208504469679    0.0006047
20690    0.483325277912035    0.0006164
20685    0.48344210780759    0.0006258
20680    0.483558994197292    0.0006328
20675    0.483675937122128    0.0006371
20670    0.483792936623125    0.0006383
20665    0.48390999274135    0.0006362
20660    0.484027105517909    0.0006304
20655    0.484144274993948    0.0006208
20650    0.484261501210654    0.0006077
20645    0.484378784209252    0.0005916
20640    0.484496124031008    0.0005727
20635    0.484613520717228    0.0005514
20630    0.484730974309258    0.000528
20625    0.484848484848485    0.0005028
20620    0.484966052376334    0.000476
20615    0.485083676934271    0.000448
20610    0.485201358563804    0.000419
20605    0.485319097306479    0.0003892
20600    0.485436893203883    0.0003589
20595    0.485554746297645    0.0003283
20590    0.485672656629432    0.0002976
20585    0.485790624240952    0.0002671
20580    0.485908649173955    0.0002371
20575    0.486026731470231    0.0002077
20570    0.486144871171609    0.0001791
20565    0.486263068319961    0.0001514
20560    0.486381322957198    0.0001245
20555    0.486499635125274    0.0000986
20550    0.48661800486618    0.0000736
20545    0.486736432221952    0.0000495
20540    0.486854917234664    0.0000265
20535    0.486973459946433    0.0000045
20530    0.487092060399416    0
20525    0.48721071863581    0
20520    0.487329434697856    0
20515    0.487448208627833    0
20510    0.487567040468064    0
20505    0.487685930260912    0
20500    0.487804878048781    0
20495    0.487923883874116    0
20490    0.488042947779405    0
20485    0.488162069807176    0
20480    0.48828125        0
20475    0.488400488400488    0
20470    0.488519785051295    0
20465    0.488639139995114    0
20460    0.488758553274682    0
20455    0.488878024932779    0
20450    0.488997555012225    0
20445    0.489117143555882    0
20440    0.489236790606654    0
20435    0.489356496207487    0
20430    0.489476260401371    0
20425    0.489596083231334    0
20420    0.489715964740451    0
20415    0.489835904971834    0
20410    0.489955903968643    0.0000142
20405    0.490075961774075    0.0000436
20400    0.490196078431373    0.0000758
20395    0.49031625398382    0.0001102
20390    0.490436488474743    0.0001462
20385    0.49055678194751    0.0001833
20380    0.490677134445535    0.0002211
20375    0.49079754601227    0.0002588
20370    0.490918016691213    0.0002962
20365    0.491038546525902    0.0003326
20360    0.491159135559921    0.0003675
20355    0.491279783836895    0.0004003
20350    0.491400491400491    0.0004306
20345    0.491521258294421    0.0004577
20340    0.491642084562439    0.0004811
20335    0.49176297024834    0.0005
20330    0.491883915395967    0.0005139
20325    0.492004920049201    0.000522
20320    0.492125984251969    0.0005239
20315    0.49224710804824    0.00052
20310    0.492368291482029    0.000511
20305    0.49248953459739    0.0004974
20300    0.492610837438424    0.0004798
20295    0.492732200049273    0.0004588
20290    0.492853622474125    0.0004349
20285    0.49297510475721    0.0004084
20280    0.493096646942801    0.00038
20275    0.493218249075216    0.0003499
20270    0.493339911198816    0.0003188
20265    0.493461633358006    0.0002869
20260    0.493583415597236    0.0002547
20255    0.493705257960997    0.0002226
20250    0.493827160493827    0.000191
20245    0.493949123240306    0.0001604
20240    0.494071146245059    0.0001311
20235    0.494193229552755    0.0001034
20230    0.494315373208107    0.0000773
20225    0.494437577255871    0.0000529
20220    0.494559841740851    0.0000302
20215    0.49468216670789    0.0000095
20210    0.49480455220188    0
20205    0.494926998267755    0
20200    0.495049504950495    0
20195    0.495172072295123    0
20190    0.495294700346706    0
20185    0.495417389150359    0
20180    0.495540138751239    0
20175    0.495662949194548    0
20170    0.495785820525533    0
20165    0.495908752789487    0
20160    0.496031746031746    0
20155    0.496154800297693    0
20150    0.496277915632754    0
20145    0.496401092082403    0.0000025
20140    0.496524329692155    0.0000263
20135    0.496647628507574    0.000052
20130    0.496770988574267    0.0000789
20125    0.496894409937888    0.0001064
20120    0.497017892644135    0.000134
20115    0.497141436738752    0.0001612
20110    0.497265042267529    0.0001873
20105    0.497388709276299    0.0002119
20100    0.497512437810945    0.0002343
20095    0.497636227917392    0.000254
20090    0.497760079641613    0.0002704
20085    0.497883993029624    0.0002827
20080    0.49800796812749    0.0002905
20075    0.49813200498132    0.0002931
20070    0.49825610363727    0.0002911
20065    0.49838026414154    0.0002852
20060    0.498504486540379    0.000276
20055    0.49862877088008    0.000264
20050    0.498753117206983    0.0002499
20045    0.498877525567473    0.0002341
20040    0.499001996007984    0.0002172
20035    0.499126528574994    0.0001998
20030    0.499251123315027    0.0001823
20025    0.499375780274657    0.0001653
20020    0.499500499500499    0.0001493
20015    0.499625281039221    0.0001348
20010    0.499750124937531    0.0001225
20005    0.499875031242189    0.0001128
20000    0.5            0.0001063
19995    0.500125031257814    0.0001035
19990    0.500250125062531    0.000104
19985    0.500375281461096    0.0001075
19980    0.500500500500501    0.0001136
19975    0.500625782227785    0.0001218
19970    0.500751126690035    0.0001317
19965    0.500876533934385    0.0001431
19960    0.501002004008016    0.0001555
19955    0.501127536958156    0.0001686
19950    0.50125313283208    0.0001822
19945    0.501378791677112    0.0001957
19940    0.501504513540622    0.000209
19935    0.501630298470028    0.0002216
19930    0.501756146512795    0.0002333
19925    0.501882057716437    0.0002437
19920    0.502008032128514    0.0002525
19915    0.502134069796636    0.0002593
19910    0.502260170768458    0.0002643
19905    0.502386335091686    0.0002678
19900    0.50251256281407    0.0002698
19895    0.502638853983413    0.0002707
19890    0.502765208647562    0.0002706
19885    0.502891626854413    0.0002696
19880    0.503018108651911    0.0002678
19875    0.50314465408805    0.0002656
19870    0.503271263210871    0.0002629
19865    0.503397936068462    0.0002599
19860    0.503524672708963    0.0002568
19855    0.503651473180559    0.0002537
19850    0.503778337531486    0.0002508
19845    0.503905265810028    0.0002482
19840    0.504032258064516    0.000246
19835    0.504159314343332    0.0002443
19830    0.504286434694907    0.000243
19825    0.504413619167718    0.0002422
19820    0.504540867810293    0.0002418
19815    0.504668180671209    0.0002417
19810    0.504795557799091    0.0002419
19805    0.504922999242616    0.0002423
19800    0.505050505050505    0.000243
19795    0.505178075271533    0.0002437
19790    0.505305709954522    0.0002447
19785    0.505433409148345    0.0002457
19780    0.505561172901921    0.0002467
19775    0.505689001264222    0.0002478
19770    0.505816894284269    0.0002489
19765    0.505944852011131    0.00025
19760    0.506072874493927    0.0002509
19755    0.506200961781827    0.0002518
19750    0.506329113924051    0.0002527
19745    0.506457330969866    0.0002535
19740    0.506585612968592    0.0002544
19735    0.506713959969597    0.0002553
19730    0.506842372022301    0.0002563
19725    0.506970849176172    0.0002575
19720    0.50709939148073    0.0002588
19715    0.507227998985544    0.0002603
19710    0.507356671740233    0.000262
19705    0.507485409794468    0.000264
19700    0.507614213197969    0.0002663
19695    0.507743082000508    0.000269
19690    0.507872016251904    0.000272
19685    0.508001016002032    0.0002755
19680    0.508130081300813    0.0002795
19675    0.508259212198221    0.0002839
19670    0.508388408744281    0.0002886
19665    0.508517670989067    0.0002934
19660    0.508646998982706    0.0002982
19655    0.508776392775375    0.000303
19650    0.508905852417303    0.0003076
19645    0.509035377958768    0.0003119
19640    0.509164969450102    0.0003158
19635    0.509294626941686    0.0003191
19630    0.509424350483953    0.0003218
19625    0.509554140127389    0.0003237
19620    0.509683995922528    0.0003247
19615    0.509813917919959    0.0003245
19610    0.509943906170321    0.0003232
19605    0.510073960724305    0.0003205
19600    0.510204081632653    0.0003164
19595    0.51033426894616    0.0003112
19590    0.510464522715671    0.000305
19585    0.510594842992086    0.0002979
19580    0.510725229826353    0.0002903
19575    0.510855683269476    0.0002821
19570    0.510986203372509    0.0002736
19565    0.511116790186558    0.0002649
19560    0.511247443762781    0.0002561
19555    0.511378164152391    0.0002475
19550    0.51150895140665    0.0002391
19545    0.511639805576874    0.0002312
19540    0.511770726714432    0.0002238
19535    0.511901714870745    0.0002171
19530    0.512032770097286    0.0002114
19525    0.512163892445583    0.0002066
19520    0.512295081967213    0.0002027
19515    0.51242633871381    0.0001994
19510    0.512557662737058    0.0001967
19505    0.512689054088695    0.0001945
19500    0.512820512820513    0.0001925
19495    0.512952038984355    0.0001907
19490    0.513083632632119    0.000189
19485    0.513215293815756    0.0001871
19480    0.513347022587269    0.0001851
19475    0.513478818998716    0.0001827
19470    0.513610683102209    0.0001799
19465    0.51374261494991    0.0001764
19460    0.513874614594039    0.0001722
19455    0.514006682086867    0.0001672
19450    0.51413881748072    0.0001611
19445    0.514271020827976    0.0001543
19440    0.51440329218107    0.000147
19435    0.514535631592488    0.0001393
19430    0.514668039114771    0.0001315
19425    0.514800514800515    0.0001238
19420    0.514933058702369    0.0001164
19415    0.515065670873036    0.0001096
19410    0.515198351365276    0.0001036
19405    0.515331100231899    0.0000986
19400    0.515463917525773    0.0000948
19395    0.51559680329982    0.0000926
19390    0.515729757607014    0.0000922
19385    0.515862780500387    0.0000938
19380    0.515995872033024    0.0000977
19375    0.516129032258065    0.0001042
19370    0.516262261228704    0.000113
19365    0.516395558998193    0.0001238
19360    0.516528925619835    0.0001361
19355    0.51666236114699    0.0001497
19350    0.516795865633075    0.0001643
19345    0.516929439131559    0.0001794
19340    0.517063081695967    0.0001948
19335    0.517196793379881    0.0002102
19330    0.517330574236937    0.0002253
19325    0.517464424320828    0.0002397
19320    0.5175983436853        0.0002531
19315    0.517732332384157    0.0002653
19310    0.517866390471258    0.0002758
19305    0.518000518000518    0.0002843
19300    0.518134715025907    0.0002906
19295    0.518268981601451    0.0002947
19290    0.518403317781234    0.0002971
19285    0.518537723619393    0.0002978
19280    0.518672199170125    0.0002972
19275    0.518806744487678    0.0002954
19270    0.518941359626362    0.0002926
19265    0.51907604464054    0.000289
19260    0.519210799584631    0.0002849
19255    0.519345624513113    0.0002804
19250    0.519480519480519    0.0002756
19245    0.519615484541439    0.0002709
19240    0.51975051975052    0.0002662
19235    0.519885625162464    0.0002619
19230    0.520020800832033    0.0002581
19225    0.520156046814044    0.0002549
19220    0.520291363163371    0.0002523
19215    0.520426749934947    0.0002501
19210    0.520562207183758    0.0002483
19205    0.520697734964853    0.0002467
19200    0.520833333333333    0.0002454
19195    0.52096900234436    0.0002442
19190    0.521104742053153    0.000243
19185    0.521240552514986    0.0002418
19180    0.521376433785193    0.0002404
19175    0.521512385919166    0.0002388
19170    0.521648408972353    0.000237
19165    0.521784503000261    0.0002347
19160    0.521920668058455    0.000232
19155    0.522056904202558    0.0002287
19150    0.522193211488251    0.0002249
19145    0.522329589971272    0.0002206
19140    0.522466039707419    0.0002161
19135    0.522602560752548    0.0002113
19130    0.522739153162572    0.0002066
19125    0.522875816993464    0.0002019
19120    0.523012552301255    0.0001975
19115    0.523149359142035    0.0001935
19110    0.523286237571952    0.0001899
19105    0.523423187647213    0.000187
19100    0.523560209424084    0.0001849
19095    0.52369730295889    0.0001837
19090    0.523834468308015    0.0001836
19085    0.523971705527902    0.0001847
19080    0.524109014675052    0.0001873
19075    0.524246395806029    0.0001911
19070    0.524383848977451    0.000196
19065    0.524521374246001    0.0002016
19060    0.524658971668416    0.0002078
19055    0.524796641301496    0.0002143
19050    0.5249343832021        0.0002209
19045    0.525072197427146    0.0002274
19040    0.525210084033613    0.0002335
19035    0.52534804307854    0.000239
19030    0.525486074619023    0.0002436
19025    0.525624178712221    0.0002472
19020    0.525762355415352    0.0002494
19015    0.525900604785696    0.0002501
19010    0.526038926880589    0.0002489
19005    0.526177321757432    0.0002458
19000    0.526315789473684    0.000241
18995    0.526454330086865    0.0002348
18990    0.526592943654555    0.0002276
18985    0.526731630234396    0.0002197
18980    0.526870389884089    0.0002113
18975    0.527009222661397    0.0002028
18970    0.527148128624143    0.0001943
18965    0.527287107830214    0.0001862
18960    0.527426160337553    0.0001788
18955    0.527565286204168    0.0001724
18950    0.527704485488127    0.0001672
18945    0.527843758247559    0.0001636
18940    0.527983104540655    0.0001619
18935    0.528122524425667    0.0001624
18930    0.528262017960909    0.0001648
18925    0.528401585204756    0.0001687
18920    0.528541226215645    0.0001738
18915    0.528680941052075    0.0001799
18910    0.528820729772607    0.0001864
18905    0.528960592435864    0.0001931
18900    0.529100529100529    0.0001997
18895    0.529240539825351    0.0002058
18890    0.529380624669137    0.000211
18885    0.52952078369076    0.0002151
18880    0.529661016949153    0.0002177
18875    0.529801324503311    0.0002184
18870    0.529941706412295    0.0002168
18865    0.530082162735224    0.0002125
18860    0.530222693531283    0.0002057
18855    0.530363298859719    0.0001967
18850    0.530503978779841    0.0001859
18845    0.530644733351021    0.0001738
18840    0.530785562632696    0.0001606
18835    0.530926466684364    0.0001468
18830    0.531067445565587    0.0001327
18825    0.531208499335989    0.0001187
18820    0.53134962805526    0.0001051
18815    0.531490831783152    0.0000923
18810    0.531632110579479    0.0000808
18805    0.531773464504121    0.0000707
18800    0.531914893617021    0.0000627
18795    0.532056397978186    0.000057
18790    0.532197977647685    0.0000538
18785    0.532339632685653    0.0000529
18780    0.53248136315229    0.000054
18775    0.532623169107856    0.000057
18770    0.53276505061268    0.0000618
18765    0.532907007727152    0.000068
18760    0.533049040511727    0.0000756
18755    0.533191149026926    0.0000844
18750    0.533333333333333    0.0000943
18745    0.533475593491598    0.0001051
18740    0.533617929562433    0.0001168
18735    0.533760341606619    0.0001291
18730    0.533902829684997    0.0001421
18725    0.534045393858478    0.0001555
18720    0.534188034188034    0.0001694
18715    0.534330750734705    0.0001834
18710    0.534473543559594    0.0001976
18705    0.534616412723871    0.0002118
18700    0.53475935828877    0.0002259
18695    0.534902380315592    0.0002397
18690    0.535045478865704    0.000253
18685    0.535188654000535    0.0002659
18680    0.535331905781585    0.000278
18675    0.535475234270415    0.0002893
18670    0.535618639528656    0.0002996
18665    0.535762121618002    0.0003088
18660    0.535905680600214    0.0003167
18655    0.536049316537121    0.0003231
18650    0.536193029490617    0.0003279
18645    0.53633681952266    0.0003313
18640    0.536480686695279    0.0003333
18635    0.536624631070566    0.000334
18630    0.536768652710682    0.0003336
18625    0.536912751677852    0.0003321
18620    0.537056928034372    0.0003296
18615    0.5372011818426        0.0003261
18610    0.537345513164965    0.0003216
18605    0.537489922063961    0.0003163
18600    0.537634408602151    0.0003101
18595    0.537778972842162    0.0003032
18590    0.537923614846692    0.0002954
18585    0.538068334678504    0.0002869
18580    0.538213132400431    0.0002776
18575    0.53835800807537    0.0002679
18570    0.53850296176629    0.0002577
18565    0.538647993536224    0.0002471
18560    0.538793103448276    0.0002365
18555    0.538938291565616    0.0002257
18550    0.539083557951482    0.0002151
18545    0.539228902669183    0.0002047
18540    0.539374325782093    0.0001946
18535    0.539519827353655    0.000185
18530    0.539665407447383    0.000176
18525    0.539811066126856    0.0001677
18520    0.539956803455724    0.0001603
18515    0.540102619497705    0.000154
18510    0.540248514316586    0.0001487
18505    0.540394487976223    0.0001445
18500    0.540540540540541    0.0001415
18495    0.540686672073533    0.0001396
18490    0.540832882639264    0.0001389
18485    0.540979172301866    0.0001394
18480    0.541125541125541    0.0001412
18475    0.54127198917456    0.0001443
18470    0.541418516513265    0.0001489
18465    0.541565123206066    0.0001549
18460    0.541711809317443    0.0001626
18455    0.541858574911948    0.000172
18450    0.542005420054201    0.0001832
18445    0.542152344808891    0.0001963
18440    0.542299349240781    0.000211
18435    0.5424464334147        0.0002269
18430    0.542593597395551    0.0002436
18425    0.542740841248304    0.0002608
18420    0.542888165038002    0.0002782
18415    0.543035568829758    0.0002954
18410    0.543183052688756    0.000312
18405    0.54333061668025    0.0003277
18400    0.543478260869565    0.0003421
18395    0.543625985322098    0.0003549
18390    0.543773790103317    0.0003656
18385    0.54392167527876    0.0003739
18380    0.544069640914037    0.0003794
18375    0.54421768707483    0.0003819
18370    0.544365813826892    0.0003819
18365    0.544514021236047    0.0003796
18360    0.544662309368192    0.0003753
18355    0.544810678289295    0.0003693
18350    0.544959128065395    0.0003618
18345    0.545107658762606    0.0003532
18340    0.54525627044711    0.0003436
18335    0.545404963185165    0.0003334
18330    0.545553737043099    0.0003226
18325    0.545702592087312    0.0003116
18320    0.54585152838428    0.0003006
18315    0.546000546000546    0.0002899
18310    0.546149645002731    0.0002795
18305    0.546298825457525    0.0002695
18300    0.546448087431694    0.0002599
18295    0.546597430992074    0.0002508
18290    0.546746856205577    0.000242
18285    0.546896363139185    0.0002336
18280    0.547045951859956    0.0002256
18275    0.547195622435021    0.000218
18270    0.547345374931582    0.0002107
18265    0.547495209416918    0.0002039
18260    0.547645125958379    0.0001975
18255    0.547795124623391    0.0001915
18250    0.547945205479452    0.000186
18245    0.548095368594135    0.0001809
18240    0.548245614035088    0.0001763
18235    0.54839594187003    0.0001722
18230    0.548546352166758    0.0001686
18225    0.548696844993141    0.0001655
18220    0.548847420417124    0.0001629
18215    0.548998078506725    0.0001609
18210    0.549148819330038    0.0001595
18205    0.549299642955232    0.0001587
18200    0.549450549450549    0.0001586
18195    0.549601538884309    0.0001591
18190    0.549752611324904    0.0001605
18185    0.549903766840803    0.0001626
18180    0.55005500550055    0.0001656
18175    0.550206327372765    0.0001695
18170    0.550357732526142    0.000174
18165    0.550509221029452    0.0001791
18160    0.550660792951542    0.0001845
18155    0.550812448361333    0.0001901
18150    0.550964187327824    0.0001958
18145    0.551116009920088    0.0002014
18140    0.551267916207277    0.0002067
18135    0.551419906258616    0.0002117
18130    0.551571980143409    0.000216
18125    0.551724137931034    0.0002196
18120    0.551876379690949    0.0002224
18115    0.552028705492686    0.000224
18110    0.552181115405853    0.0002245
18105    0.552333609500138    0.0002241
18100    0.552486187845304    0.000223
18095    0.552638850511191    0.0002215
18090    0.552791597567717    0.0002197
18085    0.552944429084877    0.000218
18080    0.553097345132743    0.0002166
18075    0.553250345781466    0.0002157
18070    0.553403431101273    0.0002155
18065    0.553556601162469    0.0002163
18060    0.553709856035437    0.0002183
18055    0.55386319579064    0.0002219
18050    0.554016620498615    0.0002272
18045    0.554170130229981    0.0002345
18040    0.554323725055432    0.0002434
18035    0.554477405045744    0.0002536
18030    0.554631170271769    0.0002647
18025    0.554785020804438    0.0002764
18020    0.554938956714761    0.0002883
18015    0.555092978073827    0.0003002
18010    0.555247084952804    0.0003117
18005    0.555401277422938    0.0003223
18000    0.555555555555556    0.0003319
17995    0.555709919422062    0.0003401
17990    0.555864369093941    0.0003464
17985    0.556018904642758    0.0003505
17980    0.556173526140156    0.0003522
17975    0.556328233657858    0.0003516
17970    0.556483027267668    0.0003491
17965    0.55663790704147    0.000345
17960    0.556792873051225    0.0003394
17955    0.556947925368978    0.0003326
17950    0.557103064066852    0.0003249
17945    0.557258289217052    0.0003164
17940    0.557413600891862    0.0003073
17935    0.557568999163647    0.000298
17930    0.557724484104852    0.0002885
17925    0.557880055788006    0.0002792
17920    0.558035714285714    0.0002701
17915    0.558191459670667    0.0002615
17910    0.558347292015634    0.0002534
17905    0.558503211393465    0.000246
17900    0.558659217877095    0.0002392
17895    0.558815311539536    0.0002332
17890    0.558971492453885    0.0002281
17885    0.559127760693318    0.0002239
17880    0.559284116331096    0.0002208
17875    0.559440559440559    0.0002188
17870    0.559597090095132    0.0002182
17865    0.559753708368318    0.000219
17860    0.559910414333707    0.0002213
17855    0.560067208064968    0.0002254
17850    0.560224089635854    0.0002312
17845    0.560381059120202    0.0002385
17840    0.560538116591928    0.0002471
17835    0.560695262125035    0.0002569
17830    0.560852495793606    0.0002676
17825    0.561009817671809    0.0002792
17820    0.561167227833894    0.0002915
17815    0.561324726354196    0.0003042
17810    0.561482313307131    0.0003173
17805    0.5616399887672        0.0003306
17800    0.561797752808989    0.0003439
17795    0.561955605507165    0.0003572
17790    0.562113546936481    0.0003703
17785    0.562271577171774    0.0003832
17780    0.562429696287964    0.000396
17775    0.562587904360056    0.0004088
17770    0.56274620146314    0.0004218
17765    0.56290458767239    0.0004351
17760    0.563063063063063    0.0004487
17755    0.563221627710504    0.0004628
17750    0.563380281690141    0.0004776
17745    0.563539025077487    0.000493
17740    0.56369785794814    0.0005094
17735    0.563856780377784    0.0005267
17730    0.564015792442188    0.0005452
17725    0.564174894217207    0.000565
17720    0.564334085778781    0.0005856
17715    0.564493367202935    0.0006069
17710    0.564652738565782    0.0006286
17705    0.564812199943519    0.0006502
17700    0.564971751412429    0.0006716
17695    0.565131393048884    0.0006924
17690    0.565291124929339    0.0007123
17685    0.565450947130336    0.000731
17680    0.565610859728507    0.0007481
17675    0.565770862800566    0.0007634
17670    0.565930956423316    0.0007765
17665    0.566091140673648    0.000787
17660    0.566251415628539    0.000795
17655    0.566411781365052    0.0008012
17650    0.56657223796034    0.0008061
17645    0.566732785491641    0.0008103
17640    0.566893424036281    0.0008142
17635    0.567054153671676    0.0008184
17630    0.567214974475326    0.0008235
17625    0.567375886524823    0.00083
17620    0.567536889897843    0.0008385
17615    0.567697984672154    0.0008495
17610    0.56785917092561    0.0008636
17605    0.568020448736155    0.0008815
17600    0.568181818181818    0.0009035
17595    0.568343279340722    0.0009296
17590    0.568504832291074    0.0009594
17585    0.568666477111174    0.0009927
17580    0.568828213879408    0.0010295
17575    0.568990042674253    0.0010694
17570    0.569151963574274    0.0011124
17565    0.569313976658127    0.0011583
17560    0.569476082004556    0.0012071
17555    0.569638279692395    0.0012588
17550    0.56980056980057    0.0013132
17545    0.569962952408093    0.0013704
17540    0.570125427594071    0.0014303
17535    0.570287995437696    0.001493
17530    0.570450656018254    0.0015585
17525    0.570613409415121    0.0016268
17520    0.570776255707763    0.001698
17515    0.570939194975735    0.0017721
17510    0.571102227298686    0.0018493
17505    0.571265352756355    0.0019297
17500    0.571428571428571    0.0020135
17495    0.571591883395256    0.0021009
17490    0.571755288736421    0.0021919
17485    0.57191878753217    0.002287
17480    0.5720823798627        0.0023864
17475    0.572246065808298    0.0024904
17470    0.572409845449342    0.0025995
17465    0.572573718866304    0.0027142
17460    0.572737686139748    0.0028349
17455    0.572901747350329    0.0029624
17450    0.573065902578797    0.0030972
17445    0.57323015190599    0.00324
17440    0.573394495412844    0.0033915
17435    0.573558933180384    0.0035527
17430    0.57372346528973    0.0037244
17425    0.573888091822095    0.0039075
17420    0.574052812858783    0.0041033
17415    0.574217628481194    0.0043124
17410    0.574382538770821    0.0045356
17405    0.57454754380925    0.0047732
17400    0.574712643678161    0.005026
17395    0.574877838459327    0.0052949
17390    0.575043128234618    0.0055807
17385    0.575208513085994    0.0058845
17380    0.575373993095512    0.0062076
17375    0.575539568345324    0.0065513
17370    0.575705238917674    0.0069171
17365    0.575871004894904    0.0073068
17360    0.576036866359447    0.0077222
17355    0.576202823393835    0.0081657
17350    0.576368876080692    0.0086405
17345    0.576535024502739    0.0091501
17340    0.576701268742791    0.0096982
17335    0.576867608883761    0.0102888
17330    0.577034045008656    0.0109263
17325    0.577200577200577    0.0116156
17320    0.577367205542725    0.0123618
17315    0.577533930118394    0.0131705
17310    0.577700751010976    0.0140479
17305    0.577867668303958    0.0150006
17300    0.578034682080925    0.0160359
17295    0.578201792425556    0.0171606
17290    0.578368999421631    0.0183793
17285    0.578536303153023    0.0196973
17280    0.578703703703704    0.0211204
17275    0.578871201157742    0.0226556
17270    0.579038795599305    0.0243103
17265    0.579206487112656    0.0260933
17260    0.579374275782155    0.0280143
17255    0.579542161692263    0.0300838
17250    0.579710144927536    0.032314
17245    0.57987822557263    0.034718
17240    0.580046403712297    0.0373104
17235    0.58021467943139    0.0401089
17230    0.580383052814858    0.0431361
17225    0.58055152394775    0.0464165
17220    0.580720092915215    0.0499767
17215    0.580888759802498    0.0538455
17210    0.581057524694945    0.0580542
17205    0.581226387678001    0.0626367
17200    0.581395348837209    0.06763
17195    0.581564408258215    0.0730744
17190    0.58173356602676    0.0790137
17185    0.581902822228688    0.0854957
17180    0.582072176949942    0.092572
17175    0.582241630276565    0.1002857
17170    0.5824111822947        0.1086688
17165    0.582580833090591    0.1177576
17160    0.582750582750583    0.1275941
17155    0.582920431361119    0.138226
17150    0.583090379008746    0.1497077
17145    0.583260425780111    0.1621002
17140    0.58343057176196    0.1754717
17135    0.583600817041144    0.1898982
17130    0.583771161704612    0.2054643
17125    0.583941605839416    0.2222634
17120    0.58411214953271    0.2403838
17115    0.58428279287175    0.2597428
17110    0.584453535943892    0.2801471
17105    0.584624378836597    0.3014101
17100    0.584795321637427    0.3233517
17095    0.584966364434045    0.3457972
17090    0.585137507314219    0.3685761
17085    0.585308750365818    0.3915205
17080    0.585480093676815    0.4144638
17075    0.585651537335286    0.4372392
17070    0.585823081429408    0.4596789
17065    0.585994726047466    0.4816122
17060    0.586166471277843    0.502885
17055    0.58633831720903    0.5234274
17050    0.586510263929619    0.5431883
17045    0.586682311528307    0.5621111
17040    0.586854460093897    0.5801314
17035    0.587026709715292    0.5971783
17030    0.587199060481503    0.613173
17025    0.587371512481645    0.6280285
17020    0.587544065804935    0.6416483
17015    0.587716720540699    0.6539265
17010    0.587889476778366    0.6647461
17005    0.588062334607468    0.6739814
17000    0.588235294117647    0.6816226
16995    0.588408355398647    0.6878318
16990    0.588581518540318    0.692775
16985    0.588754783632617    0.6966075
16980    0.588928150765607    0.6994758
16975    0.589101620029455    0.7015192
16970    0.589275191514437    0.7028696
16965    0.589448865310934    0.7036542
16960    0.589622641509434    0.7039951
16955    0.589796520200531    0.7040113
16950    0.589970501474926    0.7038189
16945    0.590144585423429    0.7035235
16940    0.590318772136954    0.703169
16935    0.590493061706525    0.702774
16930    0.590667454223272    0.7023566
16925    0.590841949778434    0.7019348
16920    0.591016548463357    0.7015263
16915    0.591191250369494    0.7011494
16910    0.591366055588409    0.7008224
16905    0.591540964211772    0.7005637
16900    0.591715976331361    0.7003928
16895    0.591891092039065    0.7003295
16890    0.59206631142688    0.7003943
16885    0.592241634586912    0.7005998
16880    0.592417061611374    0.7009467
16875    0.592592592592593    0.7014362
16870    0.592768227622999    0.7020705
16865    0.592943966795138    0.702853
16860    0.593119810201661    0.7037881
16855    0.593295757935331    0.7048818
16850    0.593471810089021    0.7061411
16845    0.593647966755714    0.7075742
16840    0.593824228028504    0.709191
16835    0.594000594000594    0.7110028
16830    0.5941770647653        0.7130159
16825    0.594353640416048    0.7152146
16820    0.594530321046373    0.7175781
16815    0.594707106749926    0.7200873
16810    0.594883997620464    0.722724
16805    0.59506099375186    0.7254711
16800    0.595238095238095    0.7283126
16795    0.595415302173266    0.7312329
16790    0.595592614651578    0.7342171
16785    0.595770032767352    0.737251
16780    0.595947556615018    0.7403207
16775    0.596125186289121    0.7434133
16770    0.596302921884317    0.7465212
16765    0.596480763495377    0.7496408
16760    0.596658711217184    0.7527685
16755    0.596836765144733    0.7559004
16750    0.597014925373134    0.7590331
16745    0.597193191997611    0.762163
16740    0.597371565113501    0.7652866
16735    0.597550044816253    0.7684001
16730    0.597728631201435    0.7714997
16725    0.597907324364723    0.7745818
16720    0.598086124401914    0.7776421
16715    0.598265031408914    0.7806746
16710    0.598444045481747    0.7836702
16705    0.598623166716552    0.7866204
16700    0.598802395209581    0.7895157
16695    0.598981731057203    0.792346
16690    0.599161174355902    0.7951012
16685    0.599340725202278    0.7977702
16680    0.599520383693046    0.8003415
16675    0.599700149925037    0.8028027
16670    0.599880023995201    0.8051406
16665    0.6000600060006        0.8073408
16660    0.600240096038415    0.8093979
16655    0.600420294205944    0.8113199
16650    0.600600600600601    0.8131153
16645    0.600781015319916    0.8147913
16640    0.600961538461538    0.8163542
16635    0.601142170123234    0.8178095
16630    0.601322910402886    0.8191617
16625    0.601503759398496    0.8204148
16620    0.601684717208183    0.8215715
16615    0.601865783930184    0.8226342
16610    0.602046959662854    0.8236043
16605    0.602228244504667    0.8244858
16600    0.602409638554217    0.8252876
16595    0.602591141910214    0.8260189
16590    0.602772754671489    0.8266881
16585    0.602954476936991    0.8273032
16580    0.60313630880579    0.827872
16575    0.603318250377074    0.8284015
16570    0.603500301750151    0.8288985
16565    0.603682463024449    0.8293701
16560    0.603864734299517    0.8298224
16555    0.604047115675023    0.8302616
16550    0.604229607250755    0.8306937
16545    0.604412209126624    0.831123
16540    0.60459492140266    0.8315545
16535    0.604777744179014    0.8319927
16530    0.604960677555959    0.832442
16525    0.605143721633888    0.8329076
16520    0.605326876513317    0.8333938
16515    0.605510142294883    0.8339062
16510    0.605693519079346    0.8344496
16505    0.605877006967586    0.8350298
16500    0.606060606060606    0.8356523
16495    0.606244316459533    0.8363178
16490    0.606428138265615    0.8370187
16485    0.606612071580224    0.8377472
16480    0.606796116504854    0.8384953
16475    0.606980273141123    0.8392552
16470    0.607164541590771    0.8400199
16465    0.607348921955663    0.8407815
16460    0.607533414337789    0.8415325
16455    0.607718018839259    0.8422656
16450    0.60790273556231    0.8429728
16445    0.608087564609304    0.8436463
16440    0.608272506082725    0.8442825
16435    0.608457560085184    0.8448818
16430    0.608642726719416    0.8454447
16425    0.60882800608828    0.8459714
16420    0.609013398294763    0.8464616
16415    0.609198903441974    0.8469151
16410    0.60938452163315    0.8473312
16405    0.609570252971655    0.8477088
16400    0.609756097560976    0.8480464
16395    0.609942055504727    0.8483428
16390    0.61012812690665    0.848597
16385    0.610314311870613    0.8488222
16380    0.610500610500611    0.8490397
16375    0.610687022900763    0.8492707
16370    0.610873549175321    0.8495367
16365    0.611060189428659    0.8498595
16360    0.611246943765281    0.8502613
16355    0.61143381228982    0.8507648
16350    0.611620795107034    0.8513939
16345    0.611807892321811    0.852173
16340    0.611995104039168    0.853128
16335    0.612182430364249    0.8542789
16330    0.612369871402327    0.855616
16325    0.612557427258805    0.8571222
16320    0.612745098039216    0.8587822
16315    0.612932883849219    0.8605818
16310    0.613120784794605    0.8625077
16305    0.613308800981294    0.864548
16300    0.613496932515337    0.8666913
16295    0.613685179502915    0.8689273
16290    0.613873542050338    0.8712465
16285    0.614062020264047    0.8736393
16280    0.614250614250614    0.8760962
16275    0.614439324116743    0.8786042
16270    0.614628149969269    0.8811511
16265    0.614817091915155    0.8837247
16260    0.615006150061501    0.8863131
16255    0.615195324515534    0.8889048
16250    0.615384615384615    0.8914878
16245    0.615574022776239    0.8940504
16240    0.61576354679803    0.8965809
16235    0.615953187557746    0.8990668
16230    0.616142945163278    0.9014965
16225    0.61633281972265    0.903865
16220    0.61652281134402    0.9061705
16215    0.616712920135677    0.9084114
16210    0.616903146206046    0.9105843
16205    0.617093489663684    0.9126863
16200    0.617283950617284    0.9147137
16195    0.617474529175671    0.9166622
16190    0.617665225447807    0.9185264
16185    0.617856039542787    0.920301
16180    0.618046971569839    0.9219794
16175    0.618238021638331    0.9235598
16170    0.618429189857761    0.9250501
16165    0.618620476337767    0.9264584
16160    0.618811881188119    0.9277924
16155    0.619003404518725    0.929059
16150    0.619195046439629    0.9302644
16145    0.61938680706101    0.931415
16140    0.619578686493185    0.9325162
16135    0.619770684846607    0.9335729
16130    0.619962802231866    0.9345902
16125    0.62015503875969    0.935572
16120    0.620347394540943    0.9365203
16115    0.620539869686627    0.9374357
16110    0.620732464307883    0.9383187
16105    0.620925178515989    0.9391695
16100    0.62111801242236    0.939988
16095    0.621310966138552    0.9407736
16090    0.621504039776259    0.941526
16085    0.621697233447311    0.9422442
16080    0.621890547263682    0.942927
16075    0.622083981337481    0.9435731
16070    0.622277535780958    0.9441833
16065    0.622471210706505    0.9447614
16060    0.62266500622665    0.9453107
16055    0.622858922454064    0.9458347
16050    0.623052959501558    0.9463364
16045    0.623247117482082    0.9468187
16040    0.623441396508728    0.9472844
16035    0.62363579669473    0.9477361
16030    0.623830318153462    0.9481763
16025    0.62402496099844    0.9486076
16020    0.624219725343321    0.949033
16015    0.624414611301904    0.949457
16010    0.624609618988132    0.9498852
16005    0.624804748516089    0.9503229
16000    0.625    0.9507749
15995    0.625195373554236    0.9512469
15990    0.625390869293308    0.9517445
15985    0.625586487331874    0.9522734
15980    0.625782227784731    0.9528394
15975    0.625978090766823    0.9534492
15970    0.626174076393237    0.9541088
15965    0.626370184779205    0.9548223
15960    0.6265664160401        0.9555938
15955    0.626762770291445    0.9564273
15950    0.626959247648903    0.9573277
15945    0.627155848228285    0.9583003
15940    0.627352572145546    0.9593508
15935    0.627549419516787    0.960486
15930    0.627746390458255    0.9617127
15925    0.627943485086342    0.9630389
15920    0.628140703517588    0.9644713
15915    0.628338045868677    0.9659953
15910    0.628535512256442    0.9675846
15905    0.628733102797862    0.9692137
15900    0.628930817610063    0.970857
15895    0.629128656810318    0.9724892
15890    0.629326620516048    0.974085
15885    0.629524708844822    0.9756186
15880    0.629722921914358    0.9770638
15875    0.62992125984252    0.9783937
15870    0.630119722747322    0.9795824
15865    0.630318310746927    0.9806287
15860    0.630517023959647    0.98155
15855    0.630715862503942    0.9823639
15850    0.630914826498423    0.9830867
15845    0.631113916061849    0.9837338
15840    0.631313131313131    0.9843204
15835    0.631512472371329    0.9848608
15830    0.631711939355654    0.9853694
15825    0.631911532385466    0.98586
15820    0.632111251580278    0.9863458
15815    0.632311097059753    0.9868331
15810    0.632511068943707    0.9873216
15805    0.632711167352104    0.9878109
15800    0.632911392405063    0.9883002
15795    0.633111744222855    0.9887897
15790    0.633312222925902    0.9892786
15785    0.63351282863478    0.9897666
15780    0.633713561470216    0.9902534
15775    0.63391442155309    0.9907383
15770    0.634115409004439    0.9912211
15765    0.634316523945449    0.9917008
15760    0.634517766497462    0.9921762
15755    0.634719136781974    0.9926462
15750    0.634920634920635    0.9931092
15745    0.635122261035249    0.9935642
15740    0.635324015247776    0.9940097
15735    0.635525897680331    0.9944443
15730    0.635727908455181    0.9948661
15725    0.635930047694754    0.9952738
15720    0.636132315521629    0.9956657
15715    0.636334712058543    0.9960405
15710    0.63653723742839    0.9963976
15705    0.636739891754218    0.9967363
15700    0.636942675159236    0.9970554
15695    0.637145587766805    0.9973541
15690    0.637348629700446    0.997631
15685    0.637551801083838    0.9978845
15680    0.637755102040816    0.9981132
15675    0.637958532695375    0.998315
15670    0.638162093171666    0.9984885
15665    0.638365783593999    0.9986362
15660    0.638569604086845    0.998762
15655    0.638773554774832    0.9988696
15650    0.638977635782748    0.9989629
15645    0.639181847235539    0.9990453
15640    0.639386189258312    0.9991202
15635    0.639590661976335    0.9991913
15630    0.639795265515035    0.9992617
15625    0.64            0.999335
15620    0.640204865556978    0.9994135
15615    0.64040986231188    0.9994958
15610    0.640614990390775    0.9995793
15605    0.640820249919898    0.9996619
15600    0.641025641025641    0.9997408
15595    0.641231163834562    0.9998139
15590    0.64143681847338    0.9998784
15585    0.641642605068977    0.9999319
15580    0.641848523748395    0.9999719
15575    0.642054574638844    0.9999953
15570    0.642260757867694    1
15565    0.64246707356248    0.9999844
15560    0.6426735218509        0.9999468
15555    0.642880102860816    0.9998859
15550    0.643086816720257    0.9997994
15545    0.643293663557414    0.9996853
15540    0.643500643500644    0.9995413
15535    0.643707756678468    0.9993649
15530    0.643915003219575    0.999153
15525    0.644122383252818    0.9989033
15520    0.644329896907217    0.9986185
15515    0.644537544311956    0.9983068
15510    0.644745325596389    0.9979755
15505    0.644953240890035    0.9976326
15500    0.645161290322581    0.9972849
15495    0.645369474023879    0.9969406
15490    0.645577792123951    0.9966064
15485    0.645786244752987    0.9962903
15480    0.645994832041344    0.9959996
15475    0.646203554119548    0.9957401
15470    0.646412411118294    0.9955074
15465    0.646621403168445    0.9952944
15460    0.646830530401035    0.9950948
15455    0.647039792947266    0.994902
15450    0.647249190938511    0.9947091
15445    0.647458724506313    0.9945098
15440    0.647668393782383    0.9942977
15435    0.647878198898607    0.9940659
15430    0.648088139987038    0.9938078
15425    0.648298217179903    0.9935198
15420    0.648508430609598    0.9932023
15415    0.648718780408693    0.9928558
15410    0.648929266709929    0.9924808
15405    0.649139889646219    0.9920768
15400    0.649350649350649    0.9916439
15395    0.649561545956479    0.9911816
15390    0.649772579597141    0.9906893
15385    0.64998375040624    0.9901658
15380    0.650195058517555    0.989612
15375    0.650406504065041    0.9890367
15370    0.650618087182824    0.988452
15365    0.650829808005207    0.9878691
15360    0.651041666666667    0.9873
15355    0.651253663301856    0.9867565
15350    0.651465798045603    0.9862502
15345    0.65167807103291    0.9857937
15340    0.651890482398957    0.9853994
15335    0.6521030322791        0.9850799
15330    0.652315720808871    0.9848301
15325    0.65252854812398    0.984626
15320    0.652741514360313    0.9844435
15315    0.652954619653934    0.9842584
15310    0.653167864141084    0.9840468
15305    0.653381247958184    0.9837842
15300    0.65359477124183    0.9834462
15295    0.6538084341288        0.9830071
15290    0.65402223675605    0.9824411
15285    0.654236179260713    0.9817349
15280    0.654450261780105    0.9809154
15275    0.654664484451719    0.9800158
15270    0.654878847413229    0.9790689
15265    0.655093350802489    0.9781073
15260    0.655307994757536    0.9771629
15255    0.655522779416585    0.9762682
15250    0.655737704918033    0.9754558
15245    0.655952771400459    0.9747593
15240    0.656167979002625    0.9742054
15235    0.656383327863472    0.9737601
15230    0.656598818122127    0.9733618
15225    0.656814449917898    0.9729486
15220    0.657030223390276    0.972459
15215    0.657246138678935    0.9718305
15210    0.657462195923734    0.9709994
15205    0.657678395264716    0.9699008
15200    0.657894736842105    0.9684675
15195    0.658111220796315    0.9666324
15190    0.658327847267939    0.9643878
15185    0.658544616397761    0.9617825
15180    0.658761528326746    0.9588653
15175    0.658978583196046    0.9556825
15170    0.659195781147001    0.9522779
15165    0.659413122321134    0.9486938
15160    0.659630606860158    0.9449712
15155    0.659848234905972    0.9411497
15150    0.66006600660066    0.9372683
15145    0.660283922086497    0.933355
15140    0.660501981505945    0.9294203
15135    0.660720185001652    0.9254733
15130    0.660938532716457    0.9215226
15125    0.661157024793388    0.9175768
15120    0.661375661375661    0.9136449
15115    0.661594442606682    0.9097358
15110    0.661813368630046    0.9058583
15105    0.66203243958954    0.9020215
15100    0.662251655629139    0.898237
15095    0.662471016893011    0.8945198
15090    0.662690523525514    0.8908861
15085    0.662910175671197    0.8873532
15080    0.663129973474801    0.8839388
15075    0.66334991708126    0.8806616
15070    0.6635700066357        0.8775417
15065    0.663790242283438    0.8746001
15060    0.664010624169987    0.8718594
15055    0.664231152441049    0.8693388
15050    0.664451827242525    0.8670428
15045    0.664672648720505    0.8649738
15040    0.664893617021277    0.8631362
15035    0.66511473229132    0.8615361
15030    0.665335994677312    0.8601815
15025    0.665557404326123    0.8590826
15020    0.66577896138482    0.8582515
15015    0.666000666000666    0.857702
15010    0.666222518321119    0.857448
15005    0.666444518493835    0.8574945
15000    0.666666666666667    0.857846
14995    0.666888962987663    0.8585094
14990    0.66711140760507    0.8594945
14985    0.667334000667334    0.8608133
14980    0.667556742323098    0.8624805
14975    0.667779632721202    0.8645135
14970    0.668002672010688    0.8669327
14965    0.668225860340795    0.8697535
14960    0.668449197860963    0.8729621
14955    0.668672684720829    0.8765401
14950    0.668896321070234    0.880472
14945    0.669120107059217    0.8847454
14940    0.669344042838019    0.8893503
14935    0.669568128557081    0.8942796
14930    0.669792364367046    0.8995283
14925    0.670016750418761    0.9050947
14920    0.670241286863271    0.9109558
14915    0.670465973851827    0.9170173
14910    0.670690811535882    0.9231711
14905    0.670915800067092    0.9293104
14900    0.671140939597315    0.9353282
14895    0.671366230278617    0.941116
14890    0.671591672263264    0.9465641
14885    0.671817265703729    0.9515601
14880    0.672043010752688    0.9559875
14875    0.672268907563025    0.9597332
14870    0.672494956287828    0.9626969
14865    0.67272115708039    0.9647741
14860    0.672947510094213    0.9658533
14855    0.673174015483002    0.9658153
14850    0.673400673400673    0.9645317
14845    0.673627484001347    0.9618644
14840    0.673854447439353    0.957664
14835    0.674081563869228    0.9517702
14830    0.674308833445718    0.9440692
14825    0.674536256323777    0.9345176
14820    0.67476383265857    0.9230647
14815    0.674991562605467    0.909645
14810    0.675219446320054    0.8941767
14805    0.675447483958122    0.8765616
14800    0.675675675675676    0.8566849
14795    0.675904021628929    0.8344137
14790    0.676132521974307    0.809616
14785    0.676361176868448    0.782474
14780    0.6765899864682        0.7534209
14775    0.676818950930626    0.7228827
14770    0.677048070412999    0.6912739
14765    0.677277345072807    0.6589999
14760    0.677506775067751    0.6264614
14755    0.677736360555744    0.5940565
14750    0.677966101694915    0.5621846
14745    0.678195998643608    0.5312066
14740    0.67842605156038    0.5012227
14735    0.678656260604004    0.4722375
14730    0.678886625933469    0.4442634
14725    0.67911714770798    0.4173209
14720    0.679347826086957    0.3914387
14715    0.679578661230037    0.3666539
14710    0.679809653297077    0.3430124
14705    0.680040802448147    0.320569
14700    0.680272108843537    0.2993513
14695    0.680503572643756    0.2793089
14690    0.68073519400953    0.2603878
14685    0.680966973101805    0.2425432
14680    0.681198910081744    0.2257385
14675    0.681431005110732    0.2099458
14670    0.681663258350375    0.1951449
14665    0.681895669962496    0.1813238
14660    0.68212824010914    0.1684758
14655    0.682360968952576    0.1565607
14650    0.68259385665529    0.1455095
14645    0.682826903379993    0.135259
14640    0.683060109289617    0.1257522
14635    0.683293474547318    0.1169381
14630    0.683526999316473    0.1087713
14625    0.683760683760684    0.1012114
14620    0.683994528043776    0.0942229
14615    0.684228532329798    0.0877718
14610    0.684462696783025    0.0818153
14605    0.684697021567956    0.0763107
14600    0.684931506849315    0.0712192
14595    0.685166152792052    0.0665052
14590    0.685400959561343    0.0621361
14585    0.685635927322592    0.0580819
14580    0.685871056241427    0.0543154
14575    0.686106346483705    0.0508116
14570    0.686341798215511    0.0475491
14565    0.686577411603158    0.0445105
14560    0.686813186813187    0.0416802
14555    0.687049124012367    0.0390444
14550    0.687285223367698    0.0365906
14545    0.687521485046408    0.0343079
14540    0.687757909215956    0.0321868
14535    0.687994496044032    0.030219
14530    0.688231245698555    0.0283963
14525    0.688468158347676    0.0267073
14520    0.68870523415978    0.0251404
14515    0.688942473303479    0.023685
14510    0.689179875947622    0.0223312
14505    0.689417442261289    0.0210701
14500    0.689655172413793    0.0198935
14495    0.689893066574681    0.0187939
14490    0.690131124913734    0.0177644
14485    0.690369347600966    0.016799
14480    0.69060773480663    0.0158931
14475    0.690846286701209    0.0150423
14470    0.691085003455425    0.0142425
14465    0.691323885240235    0.0134905
14460    0.691562932226833    0.0127829
14455    0.691802144586648    0.012117
14450    0.692041522491349    0.0114905
14445    0.692281066112842    0.0109008
14440    0.692520775623269    0.0103451
14435    0.692760651195012    0.0098207
14430    0.693000693000693    0.0093251
14425    0.693240901213172    0.0088562
14420    0.693481276005548    0.0084118
14415    0.693721817551162    0.0079902
14410    0.693962526023595    0.0075897
14405    0.694203401596668    0.0072089
14400    0.694444444444444    0.0068468
14395    0.69468565474123    0.0065028
14390    0.69492703266157    0.0061762
14385    0.695168578380257    0.0058667
14380    0.695410292072323    0.0055739
14375    0.695652173913043    0.0052977
14370    0.69589422407794    0.0050381
14365    0.696136442742778    0.0047951
14360    0.696378830083565    0.0045678
14355    0.696621386276559    0.0043546
14350    0.696864111498258    0.0041538
14345    0.69710700592541    0.003964
14340    0.697350069735007    0.0037838
14335    0.69759330310429    0.0036117
14330    0.697836706210747    0.0034466
14325    0.698080279232112    0.0032873
14320    0.698324022346369    0.0031331
14315    0.69856793573175    0.0029841
14310    0.698812019566737    0.0028406
14305    0.699056274030059    0.0027029
14300    0.699300699300699    0.0025714
14295    0.699545295557887    0.0024465
14290    0.699790062981106    0.0023286
14285    0.700035001750087    0.0022183
14280    0.700280112044818    0.0021157
14275    0.700525394045534    0.00202
14270    0.700770847932726    0.0019305
14265    0.701016473887136    0.0018463
14260    0.701262272089762    0.0017666
14255    0.701508242721852    0.0016906
14250    0.701754385964912    0.0016177
14245    0.702000702000702    0.0015472
14240    0.702247191011236    0.0014786
14235    0.702493853178785    0.0014119
14230    0.702740688685875    0.0013474
14225    0.70298769771529    0.0012856
14220    0.70323488045007    0.0012266
14215    0.703482237073514    0.0011708
14210    0.703729767769177    0.0011186
14205    0.703977472720873    0.0010705
14200    0.704225352112676    0.0010266
14195    0.704473406128919    0.0009868
14190    0.704721634954193    0.0009508
14185    0.704970038773352    0.0009182
14180    0.705218617771509    0.0008886
14175    0.705467372134039    0.0008619
14170    0.705716302046577    0.0008376
14165    0.705965407695023    0.0008157
14160    0.706214689265537    0.0007958
14155    0.706464146944543    0.0007777
14150    0.706713780918728    0.0007612
14145    0.706963591375044    0.0007461
14140    0.707213578500707    0.0007322
14135    0.707463742483198    0.0007193
14130    0.707714083510262    0.0007071
14125    0.707964601769911    0.0006957
14120    0.708215297450425    0.0006845
14115    0.708466170740347    0.0006722
14110    0.70871722182849    0.000657
14105    0.708968450903935    0.0006371
14100    0.709219858156028    0.0006106
14095    0.709471443774388    0.0005757
14090    0.7097232079489        0.0005302
14085    0.70997515086972    0.0004722
14080    0.710227272727273    0.0004004
14075    0.710479573712256    0.0003181
14070    0.710732054015636    0.0002303
14065    0.710984713828653    0.0001417
14060    0.711237553342816    0.0000573
14055    0.711490572749911    0
14050    0.711743772241993    0
14045    0.711997152011392    0
14040    0.712250712250712    0
14035    0.712504453152832    0
14030    0.712758374910905    0
14025    0.71301247771836    0
14020    0.713266761768902    0
14015    0.713521227256511    0
14010    0.713775874375446    0
14005    0.714030703320243    0
14000    0.714285714285714    0
13995    0.714540907466953    0
13990    0.714796283059328    0
13985    0.715051841258491    0
13980    0.715307582260372    0
13975    0.715563506261181    0
13970    0.715819613457409    0
13965    0.716075904045829    0
13960    0.716332378223496    0
13955    0.716589036187746    0
13950    0.716845878136201    0
13945    0.717102904266762    0.0000251
13940    0.717360114777618    0.0000542
13935    0.717617509867241    0.0000765
13930    0.717875089734386    0.0000879
13925    0.718132854578097    0.0000848
13920    0.718390804597701    0.0000672
13915    0.718648939992814    0.0000391
13910    0.718907260963336    0.0000042
13905    0.719165767709457    0
13900    0.719424460431655    0
13895    0.719683339330695    0
13890    0.719942404607631    0
13885    0.72020165646381    0
13880    0.720461095100865    0
13875    0.720720720720721    0
13870    0.720980533525595    0
13865    0.721240533717995    0
13860    0.721500721500721    0
13855    0.721761097076868    0
13850    0.72202166064982    0
13845    0.722282412423257    0
13840    0.722543352601156    0.0000022
13835    0.722804481387785    0.0000086
13830    0.723065798987708    0.0000118
13825    0.723327305605787    0.0000125
13820    0.723589001447178    0.0000111
13815    0.723850886717336    0.0000082
13810    0.724112961622013    0.0000044
13805    0.724375226367258    0
13800    0.72463768115942    0
13795    0.724900326205147    0
13790    0.725163161711385    0
13785    0.725426187885383    0
13780    0.725689404934688    0
13775    0.725952813067151    0
13770    0.726216412490922    0
13765    0.726480203414457    0
13760    0.726744186046512    0
13755    0.727008360596147    0
13750    0.727272727272727    0
13745    0.727537286285922    0
13740    0.727802037845706    0
13735    0.728066982162359    0
13730    0.728332119446468    0
13725    0.728597449908925    0
13720    0.728862973760933    0
13715    0.729128691213999    0
13710    0.729394602479942    0.0000024
13705    0.729660707770887    0.0000019
13700    0.72992700729927    0
13695    0.730193501277839    0
13690    0.730460189919649    0
13685    0.730727073438071    0
13680    0.730994152046784    0
13675    0.731261425959781    0
13670    0.731528895391368    0
13665    0.731796560556165    0
13660    0.732064421669107    0
13655    0.732332478945441    0
13650    0.732600732600733    0
13645    0.732869182850861    0
13640    0.733137829912023    0
13635    0.733406674000733    0
13630    0.733675715333822    0
13625    0.73394495412844    0
13620    0.734214390602056    0
13615    0.734484024972457    0
13610    0.734753857457752    0
13605    0.735023888276369    0
13600    0.735294117647059    0
13595    0.735564545788893    0
13590    0.735835172921266    0
13585    0.736105999263894    0
13580    0.736377025036819    0
13575    0.736648250460405    0
13570    0.736919675755343    0
13565    0.737191301142647    0
13560    0.737463126843658    0
13555    0.737735153080044    0
13550    0.738007380073801    0
13545    0.73827980804725    0
13540    0.738552437223043    0
13535    0.73882526782416    0
13530    0.73909830007391    0
13525    0.739371534195934    0
13520    0.739644970414201    0
13515    0.739918608953015    0
13510    0.74019245003701    0
13505    0.740466493891151    0
13500    0.740740740740741    0
13495    0.741015190811412    0
13490    0.741289844329133    0
13485    0.741564701520208    0
13480    0.741839762611276    0
13475    0.742115027829313    0
13470    0.742390497401633    0
13465    0.742666171555886    0
13460    0.742942050520059    0
13455    0.743218134522482    0
13450    0.743494423791822    0
13445    0.743770918557084    0
13440    0.744047619047619    0
13435    0.744324525493115    0
13430    0.744601638123604    0
13425    0.74487895716946    0
13420    0.745156482861401    0
13415    0.745434215430488    0
13410    0.745712155108128    0
13405    0.745990302126072    0
13400    0.746268656716418    0
13395    0.746547219111609    0
13390    0.746825989544436    0
13385    0.747104968248039    0
13380    0.747384155455904    0
13375    0.747663551401869    0
13370    0.74794315632012    0
13365    0.748222970445193    0
13360    0.748502994011976    0
13355    0.748783227255709    0
13350    0.749063670411985    0
13345    0.749344323716748    0
13340    0.749625187406297    0
13335    0.749906261717285    0
13330    0.750187546886722    0
13325    0.75046904315197    0
13320    0.750750750750751    0
13315    0.751032669921142    0
13310    0.751314800901578    0
13305    0.751597143930853    0
13300    0.75187969924812    0
13295    0.752162467092892    0
13290    0.752445447705041    0
13285    0.752728641324802    0
13280    0.753012048192771    0
13275    0.753295668549906    0
13270    0.753579502637528    0
13265    0.753863550697324    0
13260    0.754147812971342    0
13255    0.754432289701999    0
13250    0.754716981132076    0
13245    0.755001887504719    0
13240    0.755287009063444    0
13235    0.755572346052135    0
13230    0.755857898715042    0
13225    0.756143667296786    0
13220    0.75642965204236    0
13215    0.756715853197125    0
13210    0.757002271006813    0
13205    0.757288905717531    0.0000037
13200    0.757575757575758    0.0000113
13195    0.757862826828344    0.0000134
13190    0.758150113722517    0.0000083
13185    0.758437618505878    0
13180    0.758725341426404    0
13175    0.759013282732448    0
13170    0.759301442672741    0
13165    0.759589821496392    0
13160    0.759878419452888    0
13155    0.760167236792094    0
13150    0.760456273764259    0
13145    0.760745530620008    0
13140    0.76103500761035    0
13135    0.761324704986677    0
13130    0.761614623000762    0
13125    0.761904761904762    0
13120    0.76219512195122    0
13115    0.762485703393061    0
13110    0.7627765064836        0
13105    0.763067531476536    0
13100    0.763358778625954    0
13095    0.763650248186331    0
13090    0.763941940412529    0
13085    0.764233855559801    0
13080    0.764525993883792    0
13075    0.764818355640535    0
13070    0.765110941086457    0
13065    0.765403750478377    0
13060    0.765696784073507    0
13055    0.765990042129452    0
13050    0.766283524904215    0
13045    0.76657723265619    0
13040    0.766871165644172    0
13035    0.767165324127349    0
13030    0.767459708365311    0
13025    0.767754318618042    0
13020    0.768049155145929    0
13015    0.768344218209758    0
13010    0.768639508070715    0
13005    0.768935024990388    0
13000    0.769230769230769    0
12995    0.769526741054252    0
12990    0.769822940723634    0
12985    0.770119368502118    0.0000028
12980    0.770416024653313    0.0000125
12975    0.770712909441233    0.0000183
12970    0.771010023130301    0.0000204
12965    0.771307365985345    0.0000184
12960    0.771604938271605    0.0000124
12955    0.771902740254728    0.0000022
12950    0.772200772200772    0
12945    0.772499034376207    0
12940    0.772797527047914    0
12935    0.773096250483185    0
12930    0.773395204949729    0
12925    0.773694390715667    0
12920    0.773993808049536    0
12915    0.774293457220286    0
12910    0.774593338497289    0
12905    0.774893452150329    0
12900    0.775193798449612    0
12895    0.775494377665762    0
12890    0.775795190069822    0
12885    0.776096235933256    0
12880    0.77639751552795    0
12875    0.776699029126214    0
12870    0.777000777000777    0
12865    0.777302759424796    0
12860    0.777604976671851    0
12855    0.777907429015947    0
12850    0.778210116731518    0
12845    0.778513040093422    0
12840    0.778816199376947    0
12835    0.779119594857811    0
12830    0.779423226812159    0
12825    0.779727095516569    0
12820    0.78003120124805    0
12815    0.780335544284042    0
12810    0.78064012490242    0
12805    0.780944943381492    0
12800    0.78125            0
12795    0.781555295037124    0
12790    0.781860828772478    0
12785    0.782166601486116    0
12780    0.782472613458529    0
12775    0.782778864970646    0
12770    0.783085356303837    0
12765    0.783392087739914    0
12760    0.783699059561129    0
12755    0.784006272050176    0
12750    0.784313725490196    0
12745    0.784621420164771    0
12740    0.784929356357928    0
12735    0.785237534354142    0
12730    0.785545954438335    0
12725    0.785854616895874    0
12720    0.786163522012579    0
12715    0.786472670074715    0
12710    0.786782061369001    0
12705    0.787091696182605    0
12700    0.78740157480315    0
12695    0.787711697518708    0
12690    0.788022064617809    0
12685    0.788332676389436    0
12680    0.788643533123028    0
12675    0.788954635108481    0
12670    0.789265982636148    0
12665    0.789577575996842    0
12660    0.789889415481833    0
12655    0.790201501382853    0
12650    0.790513833992095    0
12645    0.790826413602214    0
12640    0.791139240506329    0
12635    0.791452314998021    0
12630    0.791765637371338    0
12625    0.792079207920792    0
12620    0.792393026941363    0
12615    0.792707094728498    0
12610    0.793021411578113    0
12605    0.793335977786593    0
12600    0.793650793650794    0
12595    0.793965859468043    0
12590    0.79428117553614    0
12585    0.794596742153357    0
12580    0.794912559618442    0
12575    0.795228628230616    0
12570    0.795544948289578    0
12565    0.795861520095503    0
12560    0.796178343949045    0
12555    0.796495420151334    0
12550    0.796812749003984    0
12545    0.797130330809087    0
12540    0.797448165869219    0
12535    0.797766254487435    0
12530    0.798084596967279    0
12525    0.798403193612774    0
12520    0.798722044728435    0
12515    0.799041150619257    0
12510    0.799360511590727    0
12505    0.79968012794882    0
12500    0.8            0
12495    0.80032012805122    0
12490    0.800640512409928    0
12485    0.800961153384061    0
12480    0.801282051282051    0
12475    0.801603206412826    0
12470    0.801924619085806    0
12465    0.802246289610911    0
12460    0.802568218298555    0
12455    0.802890405459655    0
12450    0.803212851405622    0
12445    0.803535556448373    0
12440    0.803858520900321    0
12435    0.804181745074387    0
12430    0.80450522928399    0
12425    0.804828973843058    0
12420    0.805152979066023    0
12415    0.805477245267821    0
12410    0.8058017727639        0
12405    0.806126561870214    0
12400    0.806451612903226    0
12395    0.806776926179911    0
12390    0.807102502017756    0
12385    0.80742834073476    0
12380    0.807754442649435    0
12375    0.808080808080808    0
12370    0.808407437348424    0.0000131
12365    0.808734330772341    0.0000263
12360    0.809061488673139    0.0000363
12355    0.809388911371914    0.0000431
12350    0.809716599190283    0.0000465
12345    0.810044552450385    0.0000466
12340    0.810372771474878    0.0000433
12335    0.810701256586948    0.0000368
12330    0.8110300081103        0.0000273
12325    0.811359026369168    0.0000148
12320    0.811688311688312    0
12315    0.812017864393017    0
12310    0.812347684809098    0
12305    0.812677773262901    0
12300    0.813008130081301    0
12295    0.813338755591704    0
12290    0.81366965012205    0
12285    0.814000814000814    0
12280    0.814332247557003    0
12275    0.814663951120163    0
12270    0.814995925020375    0
12265    0.815328169588259    0
12260    0.815660685154976    0
12255    0.815993472052224    0
12250    0.816326530612245    0
12245    0.816659861167824    0
12240    0.816993464052288    0
12235    0.81732733959951    0
12230    0.817661488143908    0
12225    0.81799591002045    0
12220    0.818330605564648    0
12215    0.818665575112567    0
12210    0.819000819000819    0
12205    0.819336337566571    0
12200    0.819672131147541    0
12195    0.820008200082001    0
12190    0.820344544708778    0
12185    0.820681165367255    0.0000064
12180    0.821018062397373    0.0000317
12175    0.82135523613963    0.0000544
12170    0.821692686935086    0.0000702
12165    0.82203041512536    0.0000743
12160    0.822368421052632    0.0000641
12155    0.822706705059646    0.0000422
12150    0.823045267489712    0.0000123
12145    0.823384108686702    0
12140    0.823723228995058    0
12135    0.824062628759786    0
12130    0.824402308326463    0
12125    0.824742268041237    0
12120    0.825082508250825    0
12115    0.825423029302518    0
12110    0.825763831544178    0
12105    0.826104915324246    0
12100    0.826446280991735    0
12095    0.826787928896238    0
12090    0.827129859387924    0
12085    0.827472072817542    0
12080    0.827814569536424    0
12075    0.82815734989648    0
12070    0.828500414250207    0
12065    0.828843762950684    0
12060    0.829187396351575    0
12055    0.829531314807134    0
12050    0.829875518672199    0
