      Wavelegth (um)      Normalized RSF
            8.800000            0.000000
            8.820000            0.000000
            8.840000            0.000000
            8.860000            0.000000
            8.880000            0.000000
            8.900000            0.000000
            8.920000            0.000000
            8.940000            0.000000
            8.960000            0.000000
            8.980000            0.000000
            9.000000            0.000000
            9.020000            0.000000
            9.040000            0.000000
            9.060000            0.000000
            9.080000            0.000000
            9.100000            0.000000
            9.120000            0.000000
            9.140000            0.000000
            9.160000            0.000000
            9.180000            0.000000
            9.200000            0.000000
            9.220000            0.000000
            9.240000            0.000000
            9.260000            0.000000
            9.280000            0.000000
            9.300000            0.000000
            9.320000            0.000000
            9.340000            0.000000
            9.360000            0.000000
            9.380000            0.000000
            9.400000            0.000000
            9.420000            0.000000
            9.440000            0.000000
            9.460000            0.000000
            9.480000            0.000000
            9.500000            0.000000
            9.520000            0.000000
            9.540000            0.000000
            9.560000            0.000000
            9.580000            0.000000
            9.600000            0.000000
            9.620000            0.000000
            9.640000            0.000000
            9.660000            0.000000
            9.680000            0.000000
            9.700000            0.000000
            9.720000            0.000000
            9.740000            0.000000
            9.760000            0.000000
            9.780000            0.000000
            9.800000            0.000000
            9.820000            0.000000
            9.840000            0.000000
            9.860000            0.000000
            9.880000            0.000000
            9.900000            0.000000
            9.920000            0.000000
            9.940000            0.001000
            9.960000            0.001000
            9.980000            0.002000
           10.000000            0.003000
           10.020000            0.003000
           10.040000            0.004000
           10.060000            0.006000
           10.080000            0.008000
           10.100000            0.010000
           10.120000            0.014000
           10.140000            0.019000
           10.160000            0.025000
           10.180000            0.036000
           10.200000            0.050000
           10.220000            0.070000
           10.240000            0.099000
           10.260000            0.138000
           10.280000            0.189000
           10.300000            0.246000
           10.320000            0.313000
           10.340000            0.378000
           10.360000            0.435000
           10.380000            0.492000
           10.400000            0.540000
           10.420000            0.590000
           10.440000            0.634000
           10.460000            0.673000
           10.480000            0.707000
           10.500000            0.734000
           10.520000            0.758000
           10.540000            0.780000
           10.560000            0.798000
           10.580000            0.818000
           10.600000            0.826000
           10.620000            0.837000
           10.640000            0.850000
           10.660000            0.856000
           10.680000            0.862000
           10.700000            0.857000
           10.720000            0.855000
           10.740000            0.843000
           10.760000            0.837000
           10.780000            0.826000
           10.800000            0.811000
           10.820000            0.798000
           10.840000            0.796000
           10.860000            0.784000
           10.880000            0.778000
           10.900000            0.773000
           10.920000            0.774000
           10.940000            0.773000
           10.960000            0.778000
           10.980000            0.788000
           11.000000            0.792000
           11.020000            0.812000
           11.040000            0.827000
           11.060000            0.845000
           11.080000            0.861000
           11.100000            0.884000
           11.120000            0.911000
           11.140000            0.920000
           11.160000            0.946000
           11.180000            0.957000
           11.200000            0.982000
           11.220000            0.990000
           11.240000            0.995000
           11.260000            1.000000
           11.280000            0.982000
           11.300000            0.962000
           11.320000            0.906000
           11.340000            0.858000
           11.360000            0.800000
           11.380000            0.724000
           11.400000            0.645000
           11.420000            0.557000
           11.440000            0.467000
           11.460000            0.389000
           11.480000            0.309000
           11.500000            0.256000
           11.520000            0.199000
           11.540000            0.152000
           11.560000            0.119000
           11.580000            0.092000
           11.600000            0.071000
           11.620000            0.054000
           11.640000            0.044000
           11.660000            0.035000
           11.680000            0.028000
           11.700000            0.022000
           11.720000            0.018000
           11.740000            0.013000
           11.760000            0.012000
           11.780000            0.009000
           11.800000            0.007000
           11.820000            0.006000
           11.840000            0.005000
           11.860000            0.004000
           11.880000            0.002000
           11.900000            0.003000
           11.920000            0.002000
           11.940000            0.002000
           11.960000            0.001000
           11.980000            0.000000
           12.000000            0.003000
           12.020000            0.001000
           12.040000            0.000000
           12.060000            0.000000
           12.080000            0.001000
           12.100000            0.000000
           12.120000            0.000000
           12.140000            0.001000
           12.160000            0.000000
           12.180000            0.000000
           12.200000            0.001000
           12.220000            0.000000
           12.240000            0.001000
           12.260000            0.001000
           12.280000            0.000000
           12.300000            0.001000
           12.320000            0.001000
           12.340000            0.001000
           12.360000            0.002000
           12.380000            0.001000
           12.400000            0.002000
           12.420000            0.000000
           12.440000            0.001000
           12.460000            0.001000
           12.480000            0.001000
           12.500000            0.001000
           12.520000            0.001000
           12.540000            0.002000
           12.560000            0.001000
           12.580000            0.002000
           12.600000            0.001000
           12.620000            0.001000
           12.640000            0.000000
           12.660000            0.002000
           12.680000            0.001000
           12.700000            0.000000
           12.720000            0.001000
           12.740000            0.001000
           12.760000            0.002000
           12.780000            0.001000
           12.800000            0.001000
