  1400.000    0.0000056
  1401.000    0.0000061
  1402.000    0.0000067
  1403.000    0.0000072
  1404.000    0.0000078
  1405.000    0.0000083
  1406.000    0.0000089
  1407.000    0.0000094
  1408.000    0.0000100
  1409.000    0.0000105
  1410.000    0.0000110
  1411.000    0.0000115
  1412.000    0.0000119
  1413.000    0.0000123
  1414.000    0.0000127
  1415.000    0.0000131
  1416.000    0.0000135
  1417.000    0.0000139
  1418.000    0.0000143
  1419.000    0.0000147
  1420.000    0.0000151
  1421.000    0.0000156
  1422.000    0.0000159
  1423.000    0.0000163
  1424.000    0.0000167
  1425.000    0.0000171
  1426.000    0.0000175
  1427.000    0.0000179
  1428.000    0.0000183
  1429.000    0.0000187
  1430.000    0.0000191
  1431.000    0.0000194
  1432.000    0.0000198
  1433.000    0.0000202
  1434.000    0.0000207
  1435.000    0.0000212
  1436.000    0.0000218
  1437.000    0.0000224
  1438.000    0.0000230
  1439.000    0.0000237
  1440.000    0.0000243
  1441.000    0.0000249
  1442.000    0.0000255
  1443.000    0.0000261
  1444.000    0.0000267
  1445.000    0.0000273
  1446.000    0.0000281
  1447.000    0.0000290
  1448.000    0.0000301
  1449.000    0.0000313
  1450.000    0.0000324
  1451.000    0.0000335
  1452.000    0.0000346
  1453.000    0.0000357
  1454.000    0.0000368
  1455.000    0.0000379
  1456.000    0.0000390
  1457.000    0.0000402
  1458.000    0.0000416
  1459.000    0.0000433
  1460.000    0.0000453
  1461.000    0.0000472
  1462.000    0.0000492
  1463.000    0.0000512
  1464.000    0.0000532
  1465.000    0.0000552
  1466.000    0.0000571
  1467.000    0.0000591
  1468.000    0.0000611
  1469.000    0.0000631
  1470.000    0.0000657
  1471.000    0.0000690
  1472.000    0.0000727
  1473.000    0.0000765
  1474.000    0.0000803
  1475.000    0.0000841
  1476.000    0.0000879
  1477.000    0.0000917
  1478.000    0.0000955
  1479.000    0.0000993
  1480.000    0.0001031
  1481.000    0.0001069
  1482.000    0.0001122
  1483.000    0.0001190
  1484.000    0.0001270
  1485.000    0.0001352
  1486.000    0.0001433
  1487.000    0.0001514
  1488.000    0.0001596
  1489.000    0.0001677
  1490.000    0.0001758
  1491.000    0.0001839
  1492.000    0.0001920
  1493.000    0.0002003
  1494.000    0.0002125
  1495.000    0.0002294
  1496.000    0.0002500
  1497.000    0.0002710
  1498.000    0.0002919
  1499.000    0.0003129
  1500.000    0.0003339
  1501.000    0.0003549
  1502.000    0.0003758
  1503.000    0.0003969
  1504.000    0.0004179
  1505.000    0.0004392
  1506.000    0.0004690
  1507.000    0.0005096
  1508.000    0.0005597
  1509.000    0.0006109
  1510.000    0.0006622
  1511.000    0.0007134
  1512.000    0.0007646
  1513.000    0.0008158
  1514.000    0.0008671
  1515.000    0.0009184
  1516.000    0.0009696
  1517.000    0.0010220
  1518.000    0.0011066
  1519.000    0.0012307
  1520.000    0.0013878
  1521.000    0.0015488
  1522.000    0.0017098
  1523.000    0.0018706
  1524.000    0.0020316
  1525.000    0.0021925
  1526.000    0.0023535
  1527.000    0.0025145
  1528.000    0.0026754
  1529.000    0.0028412
  1530.000    0.0031347
  1531.000    0.0035856
  1532.000    0.0041735
  1533.000    0.0047772
  1534.000    0.0053810
  1535.000    0.0059847
  1536.000    0.0065884
  1537.000    0.0071922
  1538.000    0.0077959
  1539.000    0.0083996
  1540.000    0.0090034
  1541.000    0.0096370
  1542.000    0.0110540
  1543.000    0.0134435
  1544.000    0.0166955
  1545.000    0.0200477
  1546.000    0.0233999
  1547.000    0.0267521
  1548.000    0.0301043
  1549.000    0.0334565
  1550.000    0.0368087
  1551.000    0.0401609
  1552.000    0.0435130
  1553.000    0.0470401
  1554.000    0.0552017
  1555.000    0.0690615
  1556.000    0.0876940
  1557.000    0.1068623
  1558.000    0.1260306
  1559.000    0.1451989
  1560.000    0.1643672
  1561.000    0.1835354
  1562.000    0.2027037
  1563.000    0.2218720
  1564.000    0.2410403
  1565.000    0.2602334
  1566.000    0.2812825
  1567.000    0.3085667
  1568.000    0.3502623
  1569.000    0.4002914
  1570.000    0.4528012
  1571.000    0.5063537
  1572.000    0.5583821
  1573.000    0.6089343
  1574.000    0.6587714
  1575.000    0.7031698
  1576.000    0.7421950
  1577.000    0.7755864
  1578.000    0.8015354
  1579.000    0.8248690
  1580.000    0.8417082
  1581.000    0.8522809
  1582.000    0.8606424
  1583.000    0.8653872
  1584.000    0.8642437
  1585.000    0.8580932
  1586.000    0.8484260
  1587.000    0.8354683
  1588.000    0.8163301
  1589.000    0.7934560
  1590.000    0.7700312
  1591.000    0.7483379
  1592.000    0.7347084
  1593.000    0.7315065
  1594.000    0.7391047
  1595.000    0.7520136
  1596.000    0.7692624
  1597.000    0.7891237
  1598.000    0.8069555
  1599.000    0.8252941
  1600.000    0.8404257
  1601.000    0.8516579
  1602.000    0.8606136
  1603.000    0.8685076
  1604.000    0.8771542
  1605.000    0.8878530
  1606.000    0.9009036
  1607.000    0.9144387
  1608.000    0.9254465
  1609.000    0.9356364
  1610.000    0.9458815
  1611.000    0.9559779
  1612.000    0.9683209
  1613.000    0.9781097
  1614.000    0.9850164
  1615.000    0.9892128
  1616.000    0.9943540
  1617.000    1.0000000
  1618.000    0.9988198
  1619.000    0.9923808
  1620.000    0.9783376
  1621.000    0.9575905
  1622.000    0.9279101
  1623.000    0.8919483
  1624.000    0.8465331
  1625.000    0.7980018
  1626.000    0.7435501
  1627.000    0.6842255
  1628.000    0.6229908
  1629.000    0.5620252
  1630.000    0.5021504
  1631.000    0.4445647
  1632.000    0.3911856
  1633.000    0.3417779
  1634.000    0.2965134
  1635.000    0.2571631
  1636.000    0.2233058
  1637.000    0.1936156
  1638.000    0.1676093
  1639.000    0.1453151
  1640.000    0.1260169
  1641.000    0.1090671
  1642.000    0.0947441
  1643.000    0.0821998
  1644.000    0.0714204
  1645.000    0.0621065
  1646.000    0.0540502
  1647.000    0.0471941
  1648.000    0.0413503
  1649.000    0.0365217
  1650.000    0.0325563
  1651.000    0.0294273
  1652.000    0.0268650
  1653.000    0.0247163
  1654.000    0.0228213
  1655.000    0.0211021
  1656.000    0.0195411
  1657.000    0.0179949
  1658.000    0.0164487
  1659.000    0.0149025
  1660.000    0.0133563
  1661.000    0.0118243
  1662.000    0.0106206
  1663.000    0.0098054
  1664.000    0.0092659
  1665.000    0.0087544
  1666.000    0.0082429
  1667.000    0.0077314
  1668.000    0.0072200
  1669.000    0.0067085
  1670.000    0.0061970
  1671.000    0.0056855
  1672.000    0.0051740
  1673.000    0.0046675
  1674.000    0.0042846
  1675.000    0.0040204
  1676.000    0.0038274
  1677.000    0.0036414
  1678.000    0.0034553
  1679.000    0.0032694
  1680.000    0.0030833
  1681.000    0.0028973
  1682.000    0.0027112
  1683.000    0.0025253
  1684.000    0.0023392
  1685.000    0.0021548
  1686.000    0.0020105
  1687.000    0.0019043
  1688.000    0.0018209
  1689.000    0.0017398
  1690.000    0.0016586
  1691.000    0.0015775
  1692.000    0.0014964
  1693.000    0.0014152
  1694.000    0.0013341
  1695.000    0.0012530
  1696.000    0.0011719
  1697.000    0.0010913
  1698.000    0.0010244
  1699.000    0.0009725
  1700.000    0.0009308
  1701.000    0.0008902
  1702.000    0.0008497
  1703.000    0.0008091
  1704.000    0.0007686
  1705.000    0.0007281
  1706.000    0.0006875
  1707.000    0.0006469
  1708.000    0.0006064
  1709.000    0.0005662
  1710.000    0.0005355
  1711.000    0.0005141
  1712.000    0.0004978
  1713.000    0.0004820
  1714.000    0.0004663
  1715.000    0.0004505
  1716.000    0.0004347
  1717.000    0.0004189
  1718.000    0.0004032
  1719.000    0.0003873
  1720.000    0.0003715
  1721.000    0.0003559
  1722.000    0.0003427
  1723.000    0.0003318
  1724.000    0.0003226
  1725.000    0.0003136
  1726.000    0.0003046
  1727.000    0.0002956
  1728.000    0.0002866
  1729.000    0.0002776
  1730.000    0.0002685
  1731.000    0.0002595
  1732.000    0.0002505
  1733.000    0.0002415
  1734.000    0.0002340
  1735.000    0.0002282
  1736.000    0.0002233
  1737.000    0.0002186
  1738.000    0.0002138
  1739.000    0.0002091
  1740.000    0.0002043
  1741.000    0.0001996
  1742.000    0.0001948
  1743.000    0.0001901
  1744.000    0.0001853
  1745.000    0.0001806
  1746.000    0.0001761
  1747.000    0.0001720
  1748.000    0.0001681
  1749.000    0.0001642
  1750.000    0.0001603
  1751.000    0.0001564
  1752.000    0.0001526
  1753.000    0.0001487
  1754.000    0.0001448
  1755.000    0.0001409
  1756.000    0.0001371
  1757.000    0.0001332
  1758.000    0.0001296
  1759.000    0.0001266
  1760.000    0.0001240
  1761.000    0.0001214
  1762.000    0.0001188
  1763.000    0.0001162
  1764.000    0.0001136
  1765.000    0.0001109
  1766.000    0.0001083
  1767.000    0.0001057
  1768.000    0.0001031
  1769.000    0.0001005
  1770.000    0.0000981
  1771.000    0.0000958
  1772.000    0.0000936
  1773.000    0.0000915
  1774.000    0.0000893
  1775.000    0.0000872
  1776.000    0.0000850
  1777.000    0.0000829
  1778.000    0.0000807
  1779.000    0.0000786
  1780.000    0.0000764
  1781.000    0.0000743
  1782.000    0.0000724
  1783.000    0.0000708
  1784.000    0.0000693
  1785.000    0.0000678
  1786.000    0.0000663
  1787.000    0.0000648
  1788.000    0.0000633
  1789.000    0.0000619
  1790.000    0.0000604
  1791.000    0.0000589
  1792.000    0.0000574
  1793.000    0.0000559
  1794.000    0.0000546
  1795.000    0.0000535
  1796.000    0.0000525
  1797.000    0.0000514
  1798.000    0.0000504
  1799.000    0.0000494
  1800.000    0.0000484
  1801.000    0.0000474
  1802.000    0.0000463
  1803.000    0.0000453
  1804.000    0.0000443
  1805.000    0.0000433
  1806.000    0.0000423
  1807.000    0.0000414
  1808.000    0.0000406
  1809.000    0.0000399
  1810.000    0.0000391
  1811.000    0.0000383
  1812.000    0.0000375
  1813.000    0.0000367
  1814.000    0.0000359
  1815.000    0.0000352
  1816.000    0.0000344
  1817.000    0.0000336
  1818.000    0.0000328
  1819.000    0.0000321
  1820.000    0.0000313
  1821.000    0.0000306
  1822.000    0.0000299
  1823.000    0.0000291
  1824.000    0.0000284
  1825.000    0.0000277
  1826.000    0.0000269
  1827.000    0.0000262
  1828.000    0.0000255
  1829.000    0.0000247
  1830.000    0.0000241
  1831.000    0.0000235
  1832.000    0.0000229
  1833.000    0.0000223
  1834.000    0.0000217
  1835.000    0.0000211
  1836.000    0.0000205
  1837.000    0.0000199
  1838.000    0.0000193
  1839.000    0.0000187
  1840.000    0.0000181
  1841.000    0.0000175
  1842.000    0.0000170
  1843.000    0.0000167
  1844.000    0.0000164
  1845.000    0.0000161
  1846.000    0.0000158
  1847.000    0.0000156
  1848.000    0.0000153
  1849.000    0.0000150
  1850.000    0.0000147
  1851.000    0.0000145
  1852.000    0.0000142
  1853.000    0.0000139
  1854.000    0.0000136
  1855.000    0.0000134
  1856.000    0.0000133
  1857.000    0.0000132
  1858.000    0.0000130
  1859.000    0.0000129
  1860.000    0.0000128
  1861.000    0.0000126
  1862.000    0.0000125
  1863.000    0.0000124
  1864.000    0.0000122
  1865.000    0.0000121
  1866.000    0.0000120
  1867.000    0.0000119
  1868.000    0.0000119
  1869.000    0.0000119
  1870.000    0.0000119
  1871.000    0.0000119
  1872.000    0.0000119
  1873.000    0.0000118
  1874.000    0.0000118
  1875.000    0.0000118
  1876.000    0.0000118
  1877.000    0.0000118
  1878.000    0.0000117
  1879.000    0.0000115
  1880.000    0.0000112
  1881.000    0.0000109
  1882.000    0.0000105
  1883.000    0.0000102
  1884.000    0.0000099
  1885.000    0.0000095
  1886.000    0.0000092
  1887.000    0.0000089
  1888.000    0.0000085
  1889.000    0.0000082
  1890.000    0.0000082
  1902.000    0.0000060
  1914.000    0.0000066
  1926.000    0.0000077
  1927.000    0.0000080
  1928.000    0.0000080
  1929.000    0.0000080
  1930.000    0.0000081
  1931.000    0.0000081
  1932.000    0.0000081
  1933.000    0.0000081
  1934.000    0.0000082
  1935.000    0.0000082
  1936.000    0.0000082
  1937.000    0.0000083
  1938.000    0.0000083
  1939.000    0.0000083
  1940.000    0.0000083
  1941.000    0.0000083
  1942.000    0.0000083
  1943.000    0.0000083
  1944.000    0.0000084
  1945.000    0.0000084
  1946.000    0.0000084
  1947.000    0.0000084
  1948.000    0.0000084
  1949.000    0.0000084
  1950.000    0.0000084
  1951.000    0.0000084
  1952.000    0.0000084
  1953.000    0.0000084
  1954.000    0.0000084
  1955.000    0.0000084
  1956.000    0.0000083
  1957.000    0.0000083
  1958.000    0.0000083
  1959.000    0.0000083
  1960.000    0.0000082
  1961.000    0.0000082
  1962.000    0.0000083
  1963.000    0.0000083
  1964.000    0.0000084
  1965.000    0.0000085
  1966.000    0.0000086
  1967.000    0.0000087
  1968.000    0.0000087
  1969.000    0.0000088
  1970.000    0.0000089
  1971.000    0.0000090
  1972.000    0.0000091
  1973.000    0.0000091
  1974.000    0.0000093
  1975.000    0.0000094
  1976.000    0.0000097
  1977.000    0.0000099
  1978.000    0.0000102
  1979.000    0.0000104
  1980.000    0.0000107
  1981.000    0.0000109
  1982.000    0.0000112
  1983.000    0.0000114
  1984.000    0.0000117
  1985.000    0.0000119
  1986.000    0.0000123
  1987.000    0.0000128
  1988.000    0.0000134
  1989.000    0.0000140
  1990.000    0.0000146
  1991.000    0.0000152
  1992.000    0.0000158
  1993.000    0.0000164
  1994.000    0.0000170
  1995.000    0.0000177
  1996.000    0.0000183
  1997.000    0.0000189
  1998.000    0.0000195
  1999.000    0.0000201
  2000.000    0.0000206
  2001.000    0.0000212
  2002.000    0.0000217
  2003.000    0.0000223
  2004.000    0.0000229
  2005.000    0.0000234
  2006.000    0.0000240
  2007.000    0.0000246
  2008.000    0.0000251
  2009.000    0.0000257
  2010.000    0.0000261
  2011.000    0.0000264
  2012.000    0.0000264
  2013.000    0.0000264
  2014.000    0.0000265
  2015.000    0.0000265
  2016.000    0.0000266
  2017.000    0.0000266
  2018.000    0.0000266
  2019.000    0.0000267
  2020.000    0.0000267
  2021.000    0.0000267
  2022.000    0.0000267
  2023.000    0.0000267
  2024.000    0.0000266
  2025.000    0.0000264
  2026.000    0.0000263
  2027.000    0.0000262
  2028.000    0.0000260
  2029.000    0.0000259
  2030.000    0.0000258
  2031.000    0.0000257
  2032.000    0.0000255
  2033.000    0.0000254
  2034.000    0.0000253
  2035.000    0.0000253
  2036.000    0.0000253
  2037.000    0.0000253
  2038.000    0.0000253
  2039.000    0.0000254
  2040.000    0.0000254
  2041.000    0.0000254
  2042.000    0.0000255
  2043.000    0.0000255
  2044.000    0.0000255
  2045.000    0.0000255
  2046.000    0.0000256
  2047.000    0.0000257
  2048.000    0.0000259
  2049.000    0.0000261
  2050.000    0.0000262
  2051.000    0.0000264
  2052.000    0.0000266
  2053.000    0.0000268
  2054.000    0.0000269
  2055.000    0.0000271
  2056.000    0.0000273
  2057.000    0.0000275
  2058.000    0.0000277
  2059.000    0.0000279
  2060.000    0.0000282
  2061.000    0.0000285
  2062.000    0.0000287
  2063.000    0.0000290
  2064.000    0.0000293
  2065.000    0.0000295
  2066.000    0.0000298
  2067.000    0.0000301
  2068.000    0.0000304
  2069.000    0.0000306
  2070.000    0.0000309
  2071.000    0.0000313
  2072.000    0.0000317
  2073.000    0.0000322
  2074.000    0.0000326
  2075.000    0.0000330
  2076.000    0.0000334
  2077.000    0.0000338
  2078.000    0.0000342
  2079.000    0.0000347
  2080.000    0.0000351
  2081.000    0.0000355
  2082.000    0.0000360
  2083.000    0.0000367
  2084.000    0.0000374
  2085.000    0.0000382
  2086.000    0.0000389
  2087.000    0.0000397
  2088.000    0.0000404
  2089.000    0.0000411
  2090.000    0.0000419
  2091.000    0.0000426
  2092.000    0.0000434
  2093.000    0.0000441
  2094.000    0.0000450
  2095.000    0.0000461
  2096.000    0.0000474
  2097.000    0.0000486
  2098.000    0.0000499
  2099.000    0.0000511
  2100.000    0.0000524
  2101.000    0.0000536
  2102.000    0.0000549
  2103.000    0.0000561
  2104.000    0.0000574
  2105.000    0.0000586
  2106.000    0.0000601
  2107.000    0.0000616
  2108.000    0.0000633
  2109.000    0.0000649
  2110.000    0.0000666
  2111.000    0.0000683
  2112.000    0.0000699
  2113.000    0.0000716
  2114.000    0.0000732
  2115.000    0.0000749
  2116.000    0.0000766
  2117.000    0.0000782
  2118.000    0.0000797
  2119.000    0.0000809
  2120.000    0.0000819
  2121.000    0.0000828
  2122.000    0.0000838
  2123.000    0.0000848
  2124.000    0.0000857
  2125.000    0.0000867
  2126.000    0.0000877
  2127.000    0.0000886
  2128.000    0.0000896
  2129.000    0.0000906
  2130.000    0.0000910
  2131.000    0.0000909
  2132.000    0.0000905
  2133.000    0.0000900
  2134.000    0.0000895
  2135.000    0.0000891
  2136.000    0.0000886
  2137.000    0.0000881
  2138.000    0.0000876
  2139.000    0.0000872
  2140.000    0.0000867
  2141.000    0.0000862
  2142.000    0.0000854
  2143.000    0.0000843
  2144.000    0.0000831
  2145.000    0.0000817
  2146.000    0.0000804
  2147.000    0.0000791
  2148.000    0.0000778
  2149.000    0.0000765
  2150.000    0.0000752
  2151.000    0.0000739
  2152.000    0.0000726
  2153.000    0.0000712
  2154.000    0.0000699
  2155.000    0.0000684
  2156.000    0.0000670
  2157.000    0.0000656
  2158.000    0.0000641
  2159.000    0.0000627
  2160.000    0.0000613
  2161.000    0.0000599
  2162.000    0.0000584
  2163.000    0.0000570
  2164.000    0.0000556
  2165.000    0.0000542
  2166.000    0.0000529
  2167.000    0.0000518
  2168.000    0.0000508
  2169.000    0.0000498
  2170.000    0.0000488
  2171.000    0.0000478
  2172.000    0.0000468
  2173.000    0.0000458
  2174.000    0.0000448
  2175.000    0.0000439
  2176.000    0.0000429
  2177.000    0.0000419
  2178.000    0.0000410
  2179.000    0.0000403
  2180.000    0.0000397
  2181.000    0.0000390
  2182.000    0.0000384
  2183.000    0.0000378
  2184.000    0.0000371
  2185.000    0.0000365
  2186.000    0.0000359
  2187.000    0.0000353
  2188.000    0.0000346
  2189.000    0.0000340
  2190.000    0.0000336
  2200.000    0.0000298
  2202.000    0.0000294
  2212.000    0.0000269
  2214.000    0.0000271
  2224.000    0.0000311
  2226.000    0.0000333
  2236.000    0.0000442
  2238.000    0.0000468
  2248.000    0.0000646
  2250.000    0.0000666
  2251.000    0.0000679
  2252.000    0.0000702
  2253.000    0.0000716
  2254.000    0.0000730
  2255.000    0.0000744
  2256.000    0.0000758
  2257.000    0.0000772
  2258.000    0.0000786
  2259.000    0.0000799
  2260.000    0.0000783
  2261.000    0.0000738
  2262.000    0.0000672
  2263.000    0.0000604
  2264.000    0.0000537
  2265.000    0.0000469
  2266.000    0.0000402
  2267.000    0.0000334
  2268.000    0.0000266
  2269.000    0.0000199
  2270.000    0.0000131
  2271.000    0.0000064
  2272.000    0.0000021
  2273.000    0.0000002
  2274.000    0.0000000
  2275.000    0.0000000
  2276.000    0.0000000
  2277.000    0.0000000
  2278.000    0.0000000
  2279.000    0.0000000
  2280.000    0.0000000
  2281.000    0.0000000
  2282.000    0.0000000
  2283.000    0.0000000
  2284.000    0.0000000
  2285.000    0.0000000
  2286.000    0.0000000
  2287.000    0.0000000
  2288.000    0.0000000
  2289.000    0.0000000
  2290.000    0.0000000
  2291.000    0.0000000
  2292.000    0.0000000
  2293.000    0.0000000
  2294.000    0.0000000
  2295.000    0.0000000
  2296.000    0.0000000
  2297.000    0.0000000
  2298.000    0.0000000
  2299.000    0.0000000
  2300.000    0.0000000
