  1290.000    0.0000000
  1291.000    0.0000000
  1292.000    0.0000000
  1293.000    0.0000000
  1294.000    0.0000000
  1295.000    0.0000000
  1296.000    0.0000000
  1297.000    0.0000000
  1298.000    0.0000000
  1299.000    0.0000000
  1300.000    0.0000000
  1301.000    0.0000000
  1302.000    0.0000000
  1303.000    0.0000000
  1304.000    0.0000000
  1305.000    0.0000000
  1306.000    0.0000000
  1307.000    0.0000000
  1308.000    0.0000000
  1309.000    0.0000000
  1310.000    0.0000000
  1311.000    0.0000000
  1312.000    0.0000000
  1313.000    0.0000000
  1314.000    0.0000000
  1315.000    0.0000000
  1316.000    0.0000000
  1317.000    0.0000000
  1318.000    0.0000000
  1319.000    0.0000000
  1320.000    0.0000000
  1321.000    0.0000000
  1322.000    0.0000000
  1323.000    0.0000000
  1324.000    0.0000000
  1325.000    0.0000000
  1326.000    0.0000000
  1327.000    0.0000000
  1328.000    0.0000000
  1329.000    0.0000000
  1330.000    0.0000000
  1331.000    0.0000000
  1332.000    0.0000000
  1333.000    0.0000000
  1334.000    0.0000000
  1335.000    0.0000000
  1336.000    0.0000000
  1337.000    0.0000000
  1338.000    0.0000000
  1339.000    0.0000000
  1340.000    0.0000000
  1341.000    0.0000000
  1342.000    0.0000000
  1343.000    0.0000000
  1344.000    0.0000000
  1345.000    0.0000000
  1346.000    0.0000000
  1347.000    0.0000000
  1348.000    0.0000000
  1349.000    0.0000000
  1350.000    0.0000000
  1351.000    0.0000000
  1352.000    0.0000000
  1353.000    0.0000000
  1354.000    0.0000000
  1355.000    0.0000000
  1356.000    0.0000000
  1357.000    0.0000000
  1358.000    0.0000000
  1359.000    0.0000000
  1360.000    0.0000000
  1361.000    0.0000000
  1362.000    0.0000000
  1363.000    0.0000000
  1364.000    0.0000000
  1365.000    0.0000000
  1366.000    0.0000000
  1367.000    0.0000000
  1368.000    0.0000000
  1369.000    0.0000000
  1370.000    0.0000000
  1371.000    0.0000000
  1372.000    0.0000000
  1373.000    0.0000000
  1374.000    0.0000000
  1375.000    0.0000000
  1376.000    0.0000000
  1377.000    0.0000000
  1378.000    0.0000000
  1379.000    0.0000000
  1380.000    0.0000000
  1381.000    0.0000000
  1382.000    0.0000000
  1383.000    0.0000000
  1384.000    0.0000000
  1385.000    0.0000000
  1386.000    0.0000000
  1387.000    0.0000000
  1388.000    0.0000000
  1389.000    0.0000000
  1390.000    0.0000000
  1391.000    0.0000000
  1392.000    0.0000000
  1393.000    0.0000000
  1394.000    0.0000000
  1395.000    0.0000000
  1396.000    0.0000000
  1397.000    0.0000000
  1398.000    0.0000000
  1399.000    0.0000000
  1400.000    0.0000000
  1401.000    0.0000000
  1402.000    0.0000000
  1403.000    0.0000000
  1404.000    0.0000000
  1405.000    0.0000000
  1406.000    0.0000000
  1407.000    0.0000000
  1408.000    0.0000000
  1409.000    0.0000000
  1410.000    0.0000000
  1411.000    0.0000000
  1412.000    0.0000000
  1413.000    0.0000000
  1414.000    0.0000000
  1415.000    0.0000000
  1416.000    0.0000000
  1417.000    0.0000000
  1418.000    0.0000000
  1419.000    0.0000000
  1420.000    0.0000000
  1421.000    0.0000000
  1422.000    0.0000000
  1423.000    0.0000001
  1424.000    0.0000001
  1425.000    0.0000001
  1426.000    0.0000001
  1427.000    0.0000001
  1428.000    0.0000001
  1429.000    0.0000001
  1430.000    0.0000001
  1431.000    0.0000001
  1432.000    0.0000001
  1433.000    0.0000001
  1434.000    0.0000001
  1435.000    0.0000001
  1436.000    0.0000001
  1437.000    0.0000000
  1438.000    0.0000000
  1439.000    0.0000000
  1440.000    0.0000000
  1441.000    0.0000000
  1442.000    0.0000000
  1443.000    0.0000000
  1444.000    0.0000000
  1445.000    0.0000000
  1446.000    0.0000000
  1447.000    0.0000000
  1448.000    0.0000000
  1449.000    0.0000000
  1450.000    0.0000000
  1451.000    0.0000000
  1452.000    0.0000000
  1453.000    0.0000000
  1454.000    0.0000000
  1455.000    0.0000000
  1456.000    0.0000000
  1457.000    0.0000000
  1458.000    0.0000000
  1459.000    0.0000000
  1460.000    0.0000000
  1461.000    0.0000000
  1462.000    0.0000000
  1463.000    0.0000000
  1464.000    0.0000000
  1465.000    0.0000000
  1466.000    0.0000000
  1467.000    0.0000000
  1468.000    0.0000000
  1469.000    0.0000000
  1470.000    0.0000000
  1471.000    0.0000000
  1472.000    0.0000000
  1473.000    0.0000000
  1474.000    0.0000000
  1475.000    0.0000000
  1476.000    0.0000000
  1477.000    0.0000000
  1478.000    0.0000000
  1479.000    0.0000000
  1480.000    0.0000000
  1481.000    0.0000000
  1482.000    0.0000000
  1483.000    0.0000000
  1484.000    0.0000000
  1485.000    0.0000000
  1486.000    0.0000000
  1487.000    0.0000000
  1488.000    0.0000000
  1489.000    0.0000000
  1490.000    0.0000000
  1491.000    0.0000000
  1492.000    0.0000000
  1493.000    0.0000000
  1494.000    0.0000000
  1495.000    0.0000001
  1496.000    0.0000001
  1497.000    0.0000001
  1498.000    0.0000001
  1499.000    0.0000001
  1500.000    0.0000001
  1501.000    0.0000001
  1502.000    0.0000001
  1503.000    0.0000001
  1504.000    0.0000001
  1505.000    0.0000001
  1506.000    0.0000001
  1507.000    0.0000001
  1508.000    0.0000001
  1509.000    0.0000001
  1510.000    0.0000001
  1511.000    0.0000001
  1512.000    0.0000001
  1513.000    0.0000001
  1514.000    0.0000001
  1515.000    0.0000001
  1516.000    0.0000001
  1517.000    0.0000001
  1518.000    0.0000001
  1519.000    0.0000001
  1520.000    0.0000001
  1521.000    0.0000001
  1522.000    0.0000001
  1523.000    0.0000001
  1524.000    0.0000001
  1525.000    0.0000001
  1526.000    0.0000001
  1527.000    0.0000001
  1528.000    0.0000001
  1529.000    0.0000001
  1530.000    0.0000001
  1531.000    0.0000001
  1532.000    0.0000001
  1533.000    0.0000001
  1534.000    0.0000001
  1535.000    0.0000001
  1536.000    0.0000001
  1537.000    0.0000001
  1538.000    0.0000001
  1539.000    0.0000001
  1540.000    0.0000001
  1541.000    0.0000001
  1542.000    0.0000001
  1543.000    0.0000001
  1544.000    0.0000001
  1545.000    0.0000001
  1546.000    0.0000001
  1547.000    0.0000001
  1548.000    0.0000001
  1549.000    0.0000001
  1550.000    0.0000001
  1551.000    0.0000001
  1552.000    0.0000001
  1553.000    0.0000001
  1554.000    0.0000001
  1555.000    0.0000001
  1556.000    0.0000001
  1557.000    0.0000001
  1558.000    0.0000001
  1559.000    0.0000002
  1560.000    0.0000002
  1561.000    0.0000002
  1562.000    0.0000002
  1563.000    0.0000002
  1564.000    0.0000002
  1565.000    0.0000002
  1566.000    0.0000002
  1567.000    0.0000002
  1568.000    0.0000002
  1569.000    0.0000002
  1570.000    0.0000002
  1571.000    0.0000003
  1572.000    0.0000003
  1573.000    0.0000003
  1574.000    0.0000003
  1575.000    0.0000003
  1576.000    0.0000003
  1577.000    0.0000003
  1578.000    0.0000003
  1579.000    0.0000003
  1580.000    0.0000003
  1581.000    0.0000003
  1582.000    0.0000003
  1583.000    0.0000003
  1584.000    0.0000003
  1585.000    0.0000004
  1586.000    0.0000004
  1587.000    0.0000004
  1588.000    0.0000004
  1589.000    0.0000004
  1590.000    0.0000004
  1591.000    0.0000004
  1592.000    0.0000004
  1593.000    0.0000004
  1594.000    0.0000004
  1595.000    0.0000004
  1596.000    0.0000004
  1597.000    0.0000004
  1598.000    0.0000004
  1599.000    0.0000004
  1600.000    0.0000004
  1601.000    0.0000004
  1602.000    0.0000004
  1603.000    0.0000004
  1604.000    0.0000004
  1605.000    0.0000004
  1606.000    0.0000004
  1607.000    0.0000004
  1608.000    0.0000004
  1609.000    0.0000004
  1610.000    0.0000004
  1611.000    0.0000004
  1612.000    0.0000004
  1613.000    0.0000004
  1614.000    0.0000004
  1615.000    0.0000003
  1616.000    0.0000003
  1617.000    0.0000003
  1618.000    0.0000003
  1619.000    0.0000003
  1620.000    0.0000003
  1621.000    0.0000003
  1622.000    0.0000003
  1623.000    0.0000003
  1624.000    0.0000003
  1625.000    0.0000003
  1626.000    0.0000003
  1627.000    0.0000003
  1628.000    0.0000003
  1629.000    0.0000003
  1630.000    0.0000003
  1631.000    0.0000002
  1632.000    0.0000002
  1633.000    0.0000002
  1634.000    0.0000002
  1635.000    0.0000002
  1636.000    0.0000002
  1637.000    0.0000002
  1638.000    0.0000002
  1639.000    0.0000002
  1640.000    0.0000002
  1641.000    0.0000002
  1642.000    0.0000002
  1643.000    0.0000002
  1644.000    0.0000002
  1645.000    0.0000002
  1646.000    0.0000002
  1647.000    0.0000002
  1648.000    0.0000002
  1649.000    0.0000002
  1650.000    0.0000002
  1651.000    0.0000002
  1652.000    0.0000002
  1653.000    0.0000002
  1654.000    0.0000002
  1655.000    0.0000002
  1656.000    0.0000002
  1657.000    0.0000002
  1658.000    0.0000002
  1659.000    0.0000002
  1660.000    0.0000002
  1661.000    0.0000002
  1662.000    0.0000002
  1663.000    0.0000002
  1664.000    0.0000002
  1665.000    0.0000002
  1666.000    0.0000002
  1667.000    0.0000002
  1668.000    0.0000002
  1669.000    0.0000002
  1670.000    0.0000002
  1671.000    0.0000002
  1672.000    0.0000002
  1673.000    0.0000002
  1674.000    0.0000002
  1675.000    0.0000002
  1676.000    0.0000002
  1677.000    0.0000002
  1678.000    0.0000002
  1679.000    0.0000002
  1680.000    0.0000002
  1681.000    0.0000002
  1682.000    0.0000002
  1683.000    0.0000002
  1684.000    0.0000002
  1685.000    0.0000002
  1686.000    0.0000002
  1687.000    0.0000002
  1688.000    0.0000002
  1689.000    0.0000002
  1690.000    0.0000002
  1691.000    0.0000002
  1692.000    0.0000002
  1693.000    0.0000002
  1694.000    0.0000002
  1695.000    0.0000002
  1696.000    0.0000002
  1697.000    0.0000002
  1698.000    0.0000002
  1699.000    0.0000002
  1700.000    0.0000002
  1701.000    0.0000002
  1702.000    0.0000002
  1703.000    0.0000002
  1704.000    0.0000002
  1705.000    0.0000002
  1706.000    0.0000002
  1707.000    0.0000002
  1708.000    0.0000002
  1709.000    0.0000001
  1710.000    0.0000001
  1711.000    0.0000001
  1712.000    0.0000001
  1713.000    0.0000001
  1714.000    0.0000001
  1715.000    0.0000001
  1716.000    0.0000001
  1717.000    0.0000001
  1718.000    0.0000001
  1719.000    0.0000001
  1720.000    0.0000001
  1721.000    0.0000001
  1722.000    0.0000001
  1723.000    0.0000001
  1724.000    0.0000001
  1725.000    0.0000001
  1726.000    0.0000001
  1727.000    0.0000001
  1728.000    0.0000001
  1729.000    0.0000001
  1730.000    0.0000001
  1731.000    0.0000001
  1732.000    0.0000001
  1733.000    0.0000001
  1734.000    0.0000001
  1735.000    0.0000001
  1736.000    0.0000001
  1737.000    0.0000001
  1738.000    0.0000001
  1739.000    0.0000001
  1740.000    0.0000001
  1741.000    0.0000001
  1742.000    0.0000001
  1743.000    0.0000001
  1744.000    0.0000001
  1745.000    0.0000001
  1746.000    0.0000001
  1747.000    0.0000001
  1748.000    0.0000001
  1749.000    0.0000001
  1750.000    0.0000001
  1751.000    0.0000001
  1752.000    0.0000001
  1753.000    0.0000001
  1754.000    0.0000001
  1755.000    0.0000001
  1756.000    0.0000001
  1757.000    0.0000001
  1758.000    0.0000001
  1759.000    0.0000001
  1760.000    0.0000001
  1761.000    0.0000001
  1762.000    0.0000001
  1763.000    0.0000001
  1764.000    0.0000001
  1765.000    0.0000001
  1766.000    0.0000001
  1767.000    0.0000001
  1768.000    0.0000001
  1769.000    0.0000001
  1770.000    0.0000001
  1771.000    0.0000001
  1772.000    0.0000001
  1773.000    0.0000001
  1774.000    0.0000001
  1775.000    0.0000001
  1776.000    0.0000001
  1777.000    0.0000001
  1778.000    0.0000001
  1779.000    0.0000001
  1780.000    0.0000001
  1781.000    0.0000001
  1782.000    0.0000001
  1783.000    0.0000001
  1784.000    0.0000001
  1785.000    0.0000001
  1786.000    0.0000001
  1787.000    0.0000002
  1788.000    0.0000002
  1789.000    0.0000002
  1790.000    0.0000002
  1791.000    0.0000002
  1792.000    0.0000002
  1793.000    0.0000002
  1794.000    0.0000002
  1795.000    0.0000002
  1796.000    0.0000002
  1797.000    0.0000002
  1798.000    0.0000002
  1799.000    0.0000002
  1800.000    0.0000002
  1801.000    0.0000002
  1802.000    0.0000002
  1803.000    0.0000002
  1804.000    0.0000003
  1805.000    0.0000003
  1806.000    0.0000002
  1807.000    0.0000002
  1808.000    0.0000002
  1809.000    0.0000002
  1810.000    0.0000002
  1811.000    0.0000002
  1812.000    0.0000002
  1813.000    0.0000002
  1814.000    0.0000002
  1815.000    0.0000002
  1816.000    0.0000002
  1817.000    0.0000002
  1818.000    0.0000002
  1819.000    0.0000002
  1820.000    0.0000001
  1821.000    0.0000001
  1822.000    0.0000001
  1823.000    0.0000001
  1824.000    0.0000001
  1825.000    0.0000001
  1826.000    0.0000001
  1827.000    0.0000001
  1828.000    0.0000001
  1829.000    0.0000001
  1830.000    0.0000001
  1831.000    0.0000001
  1832.000    0.0000001
  1833.000    0.0000001
  1834.000    0.0000001
  1835.000    0.0000001
  1836.000    0.0000001
  1837.000    0.0000001
  1838.000    0.0000001
  1839.000    0.0000001
  1840.000    0.0000001
  1841.000    0.0000001
  1842.000    0.0000001
  1843.000    0.0000001
  1844.000    0.0000001
  1845.000    0.0000001
  1846.000    0.0000001
  1847.000    0.0000001
  1848.000    0.0000000
  1849.000    0.0000000
  1850.000    0.0000000
  1851.000    0.0000000
  1852.000    0.0000000
  1853.000    0.0000000
  1854.000    0.0000000
  1855.000    0.0000000
  1856.000    0.0000001
  1857.000    0.0000001
  1858.000    0.0000001
  1859.000    0.0000001
  1860.000    0.0000001
  1861.000    0.0000001
  1862.000    0.0000001
  1863.000    0.0000001
  1864.000    0.0000001
  1865.000    0.0000001
  1866.000    0.0000001
  1867.000    0.0000001
  1868.000    0.0000001
  1869.000    0.0000001
  1870.000    0.0000001
  1871.000    0.0000001
  1872.000    0.0000000
  1873.000    0.0000000
  1874.000    0.0000000
  1875.000    0.0000000
  1876.000    0.0000000
  1877.000    0.0000000
  1878.000    0.0000000
  1879.000    0.0000000
  1880.000    0.0000000
  1881.000    0.0000000
  1882.000    0.0000000
  1883.000    0.0000000
  1884.000    0.0000000
  1885.000    0.0000000
  1886.000    0.0000000
  1887.000    0.0000000
  1888.000    0.0000000
  1889.000    0.0000000
  1890.000    0.0000000
  1891.000    0.0000000
  1892.000    0.0000000
  1893.000    0.0000000
  1894.000    0.0000000
  1895.000    0.0000000
  1896.000    0.0000000
  1897.000    0.0000000
  1898.000    0.0000000
  1899.000    0.0000000
  1900.000    0.0000000
  1901.000    0.0000000
  1902.000    0.0000000
  1903.000    0.0000000
  1904.000    0.0000000
  1905.000    0.0000000
  1906.000    0.0000000
  1907.000    0.0000000
  1908.000    0.0000001
  1909.000    0.0000001
  1910.000    0.0000001
  1911.000    0.0000001
  1912.000    0.0000001
  1913.000    0.0000001
  1914.000    0.0000001
  1915.000    0.0000000
  1916.000    0.0000000
  1917.000    0.0000000
  1918.000    0.0000000
  1919.000    0.0000000
  1920.000    0.0000000
  1921.000    0.0000000
  1922.000    0.0000000
  1923.000    0.0000000
  1924.000    0.0000000
  1925.000    0.0000000
  1926.000    0.0000000
  1927.000    0.0000000
  1928.000    0.0000000
  1929.000    0.0000000
  1930.000    0.0000000
  1931.000    0.0000000
  1932.000    0.0000000
  1933.000    0.0000000
  1934.000    0.0000000
  1935.000    0.0000000
  1936.000    0.0000000
  1937.000    0.0000000
  1938.000    0.0000000
  1939.000    0.0000000
  1940.000    0.0000000
  1941.000    0.0000000
  1942.000    0.0000000
  1943.000    0.0000000
  1944.000    0.0000000
  1945.000    0.0000000
  1946.000    0.0000000
  1947.000    0.0000000
  1948.000    0.0000000
  1949.000    0.0000000
  1950.000    0.0000000
  1951.000    0.0000000
  1952.000    0.0000000
  1953.000    0.0000000
  1954.000    0.0000000
  1955.000    0.0000000
  1956.000    0.0000000
  1957.000    0.0000000
  1958.000    0.0000000
  1959.000    0.0000000
  1960.000    0.0000000
  1961.000    0.0000000
  1962.000    0.0000000
  1963.000    0.0000000
  1964.000    0.0000000
  1965.000    0.0000000
  1966.000    0.0000000
  1967.000    0.0000000
  1968.000    0.0000000
  1969.000    0.0000000
  1970.000    0.0000000
  1971.000    0.0000000
  1972.000    0.0000000
  1973.000    0.0000000
  1974.000    0.0000000
  1975.000    0.0000000
  1976.000    0.0000000
  1977.000    0.0000000
  1978.000    0.0000000
  1979.000    0.0000000
  1980.000    0.0000000
  1981.000    0.0000000
  1982.000    0.0000000
  1983.000    0.0000000
  1984.000    0.0000000
  1985.000    0.0000000
  1986.000    0.0000000
  1987.000    0.0000000
  1988.000    0.0000000
  1989.000    0.0000000
  1990.000    0.0000000
  1991.000    0.0000000
  1992.000    0.0000000
  1993.000    0.0000000
  1994.000    0.0000000
  1995.000    0.0000000
  1996.000    0.0000000
  1997.000    0.0000000
  1998.000    0.0000000
  1999.000    0.0000000
  2000.000    0.0000000
  2001.000    0.0000000
  2002.000    0.0000000
  2003.000    0.0000000
  2004.000    0.0000000
  2005.000    0.0000000
  2006.000    0.0000000
  2007.000    0.0000000
  2008.000    0.0000000
  2009.000    0.0000000
  2010.000    0.0000000
  2011.000    0.0000000
  2012.000    0.0000000
  2013.000    0.0000000
  2014.000    0.0000000
  2015.000    0.0000000
  2016.000    0.0000000
  2017.000    0.0000000
  2018.000    0.0000000
  2019.000    0.0000000
  2020.000    0.0000000
  2021.000    0.0000000
  2022.000    0.0000000
  2023.000    0.0000000
  2024.000    0.0000000
  2025.000    0.0000000
  2026.000    0.0000000
  2027.000    0.0000000
  2028.000    0.0000000
  2029.000    0.0000000
  2030.000    0.0000000
  2031.000    0.0000000
  2032.000    0.0000000
  2033.000    0.0000000
  2034.000    0.0000000
  2035.000    0.0000000
  2036.000    0.0000000
  2037.000    0.0000000
  2038.000    0.0000000
  2039.000    0.0000000
  2040.000    0.0000000
  2041.000    0.0000000
  2042.000    0.0000000
  2043.000    0.0000000
  2044.000    0.0000000
  2045.000    0.0000000
  2046.000    0.0000000
  2047.000    0.0000000
  2048.000    0.0000000
  2049.000    0.0000000
  2050.000    0.0000000
  2051.000    0.0000000
  2052.000    0.0000000
  2053.000    0.0000000
  2054.000    0.0000000
  2055.000    0.0000000
  2056.000    0.0000000
  2057.000    0.0000000
  2058.000    0.0000000
  2059.000    0.0000000
  2060.000    0.0000000
  2061.000    0.0000000
  2062.000    0.0000001
  2063.000    0.0000001
  2064.000    0.0000001
  2065.000    0.0000001
  2066.000    0.0000001
  2067.000    0.0000001
  2068.000    0.0000001
  2069.000    0.0000001
  2070.000    0.0000001
  2071.000    0.0000001
  2072.000    0.0000002
  2073.000    0.0000002
  2074.000    0.0000002
  2075.000    0.0000002
  2076.000    0.0000002
  2077.000    0.0000002
  2078.000    0.0000002
  2079.000    0.0000003
  2080.000    0.0000003
  2081.000    0.0000003
  2082.000    0.0000003
  2083.000    0.0000003
  2084.000    0.0000003
  2085.000    0.0000003
  2086.000    0.0000003
  2087.000    0.0000004
  2088.000    0.0000004
  2089.000    0.0000004
  2090.000    0.0000004
  2091.000    0.0000005
  2092.000    0.0000005
  2093.000    0.0000006
  2094.000    0.0000007
  2095.000    0.0000007
  2096.000    0.0000008
  2097.000    0.0000008
  2098.000    0.0000009
  2099.000    0.0000010
  2100.000    0.0000010
  2101.000    0.0000011
  2102.000    0.0000011
  2103.000    0.0000012
  2104.000    0.0000013
  2105.000    0.0000014
  2106.000    0.0000016
  2107.000    0.0000018
  2108.000    0.0000020
  2109.000    0.0000023
  2110.000    0.0000025
  2111.000    0.0000027
  2112.000    0.0000029
  2113.000    0.0000031
  2114.000    0.0000034
  2115.000    0.0000036
  2116.000    0.0000038
  2117.000    0.0000040
  2118.000    0.0000042
  2119.000    0.0000045
  2120.000    0.0000049
  2121.000    0.0000054
  2122.000    0.0000060
  2123.000    0.0000066
  2124.000    0.0000072
  2125.000    0.0000078
  2126.000    0.0000084
  2127.000    0.0000089
  2128.000    0.0000095
  2129.000    0.0000101
  2130.000    0.0000107
  2131.000    0.0000113
  2132.000    0.0000119
  2133.000    0.0000125
  2134.000    0.0000132
  2135.000    0.0000144
  2136.000    0.0000161
  2137.000    0.0000180
  2138.000    0.0000199
  2139.000    0.0000219
  2140.000    0.0000238
  2141.000    0.0000257
  2142.000    0.0000277
  2143.000    0.0000296
  2144.000    0.0000315
  2145.000    0.0000335
  2146.000    0.0000354
  2147.000    0.0000373
  2148.000    0.0000393
  2149.000    0.0000418
  2150.000    0.0000470
  2151.000    0.0000545
  2152.000    0.0000628
  2153.000    0.0000713
  2154.000    0.0000798
  2155.000    0.0000882
  2156.000    0.0000967
  2157.000    0.0001052
  2158.000    0.0001137
  2159.000    0.0001222
  2160.000    0.0001307
  2161.000    0.0001392
  2162.000    0.0001477
  2163.000    0.0001561
  2164.000    0.0001660
  2165.000    0.0001808
  2166.000    0.0001999
  2167.000    0.0002212
  2168.000    0.0002430
  2169.000    0.0002648
  2170.000    0.0002866
  2171.000    0.0003084
  2172.000    0.0003302
  2173.000    0.0003521
  2174.000    0.0003739
  2175.000    0.0003957
  2176.000    0.0004175
  2177.000    0.0004393
  2178.000    0.0004612
  2179.000    0.0004844
  2180.000    0.0005122
  2181.000    0.0005436
  2182.000    0.0005805
  2183.000    0.0006266
  2184.000    0.0006768
  2185.000    0.0007315
  2186.000    0.0007917
  2187.000    0.0008569
  2188.000    0.0009297
  2189.000    0.0010094
  2190.000    0.0011038
  2191.000    0.0012157
  2192.000    0.0013394
  2193.000    0.0014765
  2194.000    0.0016199
  2195.000    0.0017762
  2196.000    0.0019524
  2197.000    0.0021423
  2198.000    0.0023589
  2199.000    0.0025977
  2200.000    0.0028554
  2201.000    0.0031640
  2202.000    0.0035201
  2203.000    0.0039095
  2204.000    0.0043434
  2205.000    0.0048272
  2206.000    0.0053702
  2207.000    0.0059827
  2208.000    0.0066782
  2209.000    0.0074628
  2210.000    0.0083641
  2211.000    0.0093921
  2212.000    0.0106151
  2213.000    0.0120462
  2214.000    0.0137035
  2215.000    0.0156856
  2216.000    0.0180831
  2217.000    0.0209626
  2218.000    0.0244248
  2219.000    0.0286442
  2220.000    0.0338321
  2221.000    0.0403075
  2222.000    0.0482419
  2223.000    0.0582130
  2224.000    0.0706976
  2225.000    0.0860804
  2226.000    0.1050294
  2227.000    0.1290144
  2228.000    0.1595092
  2229.000    0.1965358
  2230.000    0.2418156
  2231.000    0.2960661
  2232.000    0.3601548
  2233.000    0.4341181
  2234.000    0.5166131
  2235.000    0.6058390
  2236.000    0.6955059
  2237.000    0.7788484
  2238.000    0.8517861
  2239.000    0.9093751
  2240.000    0.9485570
  2241.000    0.9709670
  2242.000    0.9790723
  2243.000    0.9763404
  2244.000    0.9660661
  2245.000    0.9532342
  2246.000    0.9406714
  2247.000    0.9298393
  2248.000    0.9211954
  2249.000    0.9143370
  2250.000    0.9095793
  2251.000    0.9084515
  2252.000    0.9114965
  2253.000    0.9171624
  2254.000    0.9250491
  2255.000    0.9351446
  2256.000    0.9458045
  2257.000    0.9563980
  2258.000    0.9668702
  2259.000    0.9780079
  2260.000    0.9876990
  2261.000    0.9939231
  2262.000    0.9978126
  2263.000    1.0000000
  2264.000    0.9978184
  2265.000    0.9909673
  2266.000    0.9787136
  2267.000    0.9616053
  2268.000    0.9416054
  2269.000    0.9169865
  2270.000    0.8882272
  2271.000    0.8562098
  2272.000    0.8215467
  2273.000    0.7854037
  2274.000    0.7485593
  2275.000    0.7090684
  2276.000    0.6689865
  2277.000    0.6278424
  2278.000    0.5863758
  2279.000    0.5447796
  2280.000    0.5025793
  2281.000    0.4605465
  2282.000    0.4178666
  2283.000    0.3747968
  2284.000    0.3328749
  2285.000    0.2921625
  2286.000    0.2534227
  2287.000    0.2178064
  2288.000    0.1854609
  2289.000    0.1564648
  2290.000    0.1307648
  2291.000    0.1086055
  2292.000    0.0898655
  2293.000    0.0739024
  2294.000    0.0606147
  2295.000    0.0495606
  2296.000    0.0405917
  2297.000    0.0333139
  2298.000    0.0273209
  2299.000    0.0224238
  2300.000    0.0184218
  2301.000    0.0152315
  2302.000    0.0126800
  2303.000    0.0105542
  2304.000    0.0087747
  2305.000    0.0073228
  2306.000    0.0061426
  2307.000    0.0051643
  2308.000    0.0043463
  2309.000    0.0036820
  2310.000    0.0031506
  2311.000    0.0027039
  2312.000    0.0023354
  2313.000    0.0020254
  2314.000    0.0017746
  2315.000    0.0015713
  2316.000    0.0014153
  2317.000    0.0013018
  2318.000    0.0012150
  2319.000    0.0011517
  2320.000    0.0011059
  2321.000    0.0010760
  2322.000    0.0010597
  2323.000    0.0010531
  2324.000    0.0010497
  2325.000    0.0010517
  2326.000    0.0010511
  2327.000    0.0010517
  2328.000    0.0010504
  2329.000    0.0010461
  2330.000    0.0010339
  2331.000    0.0010141
  2332.000    0.0009923
  2333.000    0.0009698
  2334.000    0.0009473
  2335.000    0.0009248
  2336.000    0.0009023
  2337.000    0.0008798
  2338.000    0.0008573
  2339.000    0.0008348
  2340.000    0.0008123
  2341.000    0.0007898
  2342.000    0.0007673
  2343.000    0.0007448
  2344.000    0.0007212
  2345.000    0.0006941
  2346.000    0.0006658
  2347.000    0.0006385
  2348.000    0.0006114
  2349.000    0.0005844
  2350.000    0.0005573
  2351.000    0.0005302
  2352.000    0.0005032
  2353.000    0.0004761
  2354.000    0.0004491
  2355.000    0.0004220
  2356.000    0.0003949
  2357.000    0.0003679
  2358.000    0.0003408
  2359.000    0.0003138
  2360.000    0.0002882
  2361.000    0.0002690
  2362.000    0.0002552
  2363.000    0.0002434
  2364.000    0.0002321
  2365.000    0.0002208
  2366.000    0.0002094
  2367.000    0.0001981
  2368.000    0.0001868
  2369.000    0.0001755
  2370.000    0.0001648
  2371.000    0.0001562
  2372.000    0.0001492
  2373.000    0.0001425
  2374.000    0.0001360
  2375.000    0.0001295
  2376.000    0.0001231
  2377.000    0.0001174
  2378.000    0.0001123
  2379.000    0.0001076
  2380.000    0.0001030
  2381.000    0.0000983
  2382.000    0.0000937
  2383.000    0.0000890
  2384.000    0.0000844
  2385.000    0.0000797
  2386.000    0.0000753
  2387.000    0.0000718
  2388.000    0.0000688
  2389.000    0.0000660
  2390.000    0.0000634
  2391.000    0.0000607
  2392.000    0.0000581
  2393.000    0.0000556
  2394.000    0.0000535
  2395.000    0.0000514
  2396.000    0.0000494
  2397.000    0.0000473
  2398.000    0.0000453
  2399.000    0.0000432
  2400.000    0.0000412
  2401.000    0.0000392
  2402.000    0.0000372
  2403.000    0.0000356
  2404.000    0.0000343
  2405.000    0.0000331
  2406.000    0.0000319
  2407.000    0.0000307
  2408.000    0.0000296
  2409.000    0.0000285
  2410.000    0.0000275
  2411.000    0.0000266
  2412.000    0.0000256
  2413.000    0.0000247
  2414.000    0.0000237
  2415.000    0.0000228
  2416.000    0.0000219
  2417.000    0.0000209
  2418.000    0.0000200
  2419.000    0.0000193
  2420.000    0.0000187
  2421.000    0.0000182
  2422.000    0.0000176
  2423.000    0.0000171
  2424.000    0.0000165
  2425.000    0.0000160
  2426.000    0.0000155
  2427.000    0.0000150
  2428.000    0.0000145
  2429.000    0.0000140
  2430.000    0.0000135
  2431.000    0.0000130
  2432.000    0.0000125
  2433.000    0.0000120
  2434.000    0.0000116
  2435.000    0.0000112
  2436.000    0.0000108
  2437.000    0.0000105
  2438.000    0.0000102
  2439.000    0.0000099
  2440.000    0.0000096
  2441.000    0.0000093
  2442.000    0.0000090
  2443.000    0.0000087
  2444.000    0.0000084
  2445.000    0.0000081
  2446.000    0.0000077
  2447.000    0.0000074
  2448.000    0.0000071
  2449.000    0.0000068
  2450.000    0.0000065
  2451.000    0.0000063
  2452.000    0.0000061
  2453.000    0.0000059
  2454.000    0.0000058
  2455.000    0.0000056
  2456.000    0.0000054
  2457.000    0.0000052
  2458.000    0.0000051
  2459.000    0.0000049
  2460.000    0.0000047
