 10000.000    0.0022060
 10001.000    0.0022230
 10002.000    0.0022401
 10003.000    0.0022571
 10004.000    0.0022741
 10005.000    0.0022911
 10006.000    0.0023081
 10007.000    0.0023252
 10008.000    0.0023422
 10009.000    0.0023592
 10010.000    0.0023762
 10011.000    0.0023932
 10012.000    0.0024103
 10013.000    0.0024273
 10014.000    0.0024443
 10015.000    0.0024613
 10016.000    0.0024783
 10017.000    0.0024954
 10018.000    0.0025124
 10019.000    0.0025294
 10020.000    0.0025464
 10021.000    0.0025634
 10022.000    0.0025805
 10023.000    0.0025975
 10024.000    0.0026145
 10025.000    0.0026315
 10026.000    0.0026485
 10027.000    0.0026656
 10028.000    0.0026826
 10029.000    0.0026996
 10030.000    0.0027166
 10031.000    0.0027336
 10032.000    0.0027522
 10033.000    0.0027752
 10034.000    0.0028019
 10035.000    0.0028299
 10036.000    0.0028585
 10037.000    0.0028892
 10038.000    0.0029204
 10039.000    0.0029556
 10040.000    0.0029937
 10041.000    0.0030329
 10042.000    0.0030731
 10043.000    0.0031142
 10044.000    0.0031559
 10045.000    0.0031977
 10046.000    0.0032395
 10047.000    0.0032813
 10048.000    0.0033239
 10049.000    0.0033671
 10050.000    0.0034103
 10051.000    0.0034535
 10052.000    0.0034967
 10053.000    0.0035408
 10054.000    0.0035852
 10055.000    0.0036296
 10056.000    0.0036740
 10057.000    0.0037184
 10058.000    0.0037639
 10059.000    0.0038095
 10060.000    0.0038567
 10061.000    0.0039070
 10062.000    0.0039573
 10063.000    0.0040076
 10064.000    0.0040579
 10065.000    0.0041081
 10066.000    0.0041584
 10067.000    0.0042087
 10068.000    0.0042590
 10069.000    0.0043093
 10070.000    0.0043596
 10071.000    0.0044099
 10072.000    0.0044602
 10073.000    0.0045105
 10074.000    0.0045608
 10075.000    0.0046110
 10076.000    0.0046613
 10077.000    0.0047116
 10078.000    0.0047619
 10079.000    0.0048122
 10080.000    0.0048625
 10081.000    0.0049128
 10082.000    0.0049622
 10083.000    0.0050098
 10084.000    0.0050559
 10085.000    0.0051016
 10086.000    0.0051476
 10087.000    0.0051949
 10088.000    0.0052432
 10089.000    0.0052918
 10090.000    0.0053410
 10091.000    0.0053906
 10092.000    0.0054406
 10093.000    0.0054908
 10094.000    0.0055410
 10095.000    0.0055913
 10096.000    0.0056415
 10097.000    0.0056917
 10098.000    0.0057420
 10099.000    0.0057924
 10100.000    0.0058428
 10101.000    0.0058933
 10102.000    0.0059437
 10103.000    0.0059945
 10104.000    0.0060454
 10105.000    0.0060963
 10106.000    0.0061472
 10107.000    0.0061981
 10108.000    0.0062490
 10109.000    0.0063000
 10110.000    0.0063509
 10111.000    0.0064018
 10112.000    0.0064527
 10113.000    0.0065036
 10114.000    0.0065545
 10115.000    0.0066054
 10116.000    0.0066563
 10117.000    0.0067073
 10118.000    0.0067582
 10119.000    0.0068091
 10120.000    0.0068600
 10121.000    0.0069109
 10122.000    0.0069618
 10123.000    0.0070127
 10124.000    0.0070637
 10125.000    0.0071146
 10126.000    0.0071655
 10127.000    0.0072164
 10128.000    0.0072680
 10129.000    0.0073245
 10130.000    0.0073815
 10131.000    0.0074393
 10132.000    0.0074973
 10133.000    0.0075556
 10134.000    0.0076157
 10135.000    0.0076760
 10136.000    0.0077370
 10137.000    0.0077977
 10138.000    0.0078581
 10139.000    0.0079185
 10140.000    0.0079789
 10141.000    0.0080395
 10142.000    0.0080995
 10143.000    0.0081594
 10144.000    0.0082193
 10145.000    0.0082792
 10146.000    0.0083391
 10147.000    0.0083989
 10148.000    0.0084588
 10149.000    0.0085187
 10150.000    0.0085786
 10151.000    0.0086385
 10152.000    0.0086984
 10153.000    0.0087589
 10154.000    0.0088196
 10155.000    0.0088786
 10156.000    0.0089344
 10157.000    0.0089902
 10158.000    0.0090460
 10159.000    0.0091018
 10160.000    0.0091577
 10161.000    0.0092135
 10162.000    0.0092729
 10163.000    0.0093433
 10164.000    0.0094256
 10165.000    0.0095106
 10166.000    0.0095972
 10167.000    0.0096901
 10168.000    0.0097852
 10169.000    0.0098828
 10170.000    0.0099806
 10171.000    0.0100784
 10172.000    0.0101790
 10173.000    0.0102810
 10174.000    0.0103830
 10175.000    0.0104850
 10176.000    0.0105871
 10177.000    0.0106891
 10178.000    0.0107932
 10179.000    0.0108992
 10180.000    0.0110052
 10181.000    0.0111112
 10182.000    0.0112173
 10183.000    0.0113267
 10184.000    0.0114370
 10185.000    0.0115473
 10186.000    0.0116576
 10187.000    0.0117680
 10188.000    0.0118783
 10189.000    0.0119886
 10190.000    0.0120989
 10191.000    0.0122092
 10192.000    0.0123196
 10193.000    0.0124299
 10194.000    0.0125402
 10195.000    0.0126505
 10196.000    0.0127608
 10197.000    0.0128712
 10198.000    0.0129815
 10199.000    0.0130918
 10200.000    0.0132021
 10201.000    0.0133125
 10202.000    0.0134228
 10203.000    0.0135331
 10204.000    0.0136434
 10205.000    0.0137537
 10206.000    0.0138641
 10207.000    0.0139744
 10208.000    0.0140847
 10209.000    0.0141950
 10210.000    0.0143053
 10211.000    0.0144157
 10212.000    0.0145260
 10213.000    0.0146363
 10214.000    0.0147466
 10215.000    0.0148570
 10216.000    0.0149673
 10217.000    0.0150776
 10218.000    0.0151879
 10219.000    0.0152982
 10220.000    0.0154114
 10221.000    0.0155271
 10222.000    0.0156428
 10223.000    0.0157585
 10224.000    0.0158741
 10225.000    0.0159898
 10226.000    0.0161055
 10227.000    0.0162212
 10228.000    0.0163369
 10229.000    0.0164526
 10230.000    0.0165683
 10231.000    0.0166840
 10232.000    0.0167997
 10233.000    0.0169154
 10234.000    0.0170310
 10235.000    0.0171467
 10236.000    0.0172624
 10237.000    0.0173781
 10238.000    0.0174938
 10239.000    0.0176095
 10240.000    0.0177252
 10241.000    0.0178409
 10242.000    0.0179630
 10243.000    0.0181073
 10244.000    0.0182833
 10245.000    0.0184668
 10246.000    0.0186582
 10247.000    0.0188635
 10248.000    0.0190746
 10249.000    0.0193083
 10250.000    0.0195499
 10251.000    0.0197958
 10252.000    0.0200497
 10253.000    0.0203093
 10254.000    0.0205722
 10255.000    0.0208351
 10256.000    0.0210980
 10257.000    0.0213650
 10258.000    0.0216374
 10259.000    0.0219141
 10260.000    0.0221908
 10261.000    0.0224675
 10262.000    0.0227442
 10263.000    0.0230279
 10264.000    0.0233136
 10265.000    0.0235993
 10266.000    0.0238850
 10267.000    0.0241707
 10268.000    0.0244601
 10269.000    0.0247500
 10270.000    0.0250420
 10271.000    0.0253383
 10272.000    0.0256346
 10273.000    0.0259308
 10274.000    0.0262271
 10275.000    0.0265233
 10276.000    0.0268196
 10277.000    0.0271159
 10278.000    0.0274122
 10279.000    0.0277085
 10280.000    0.0280047
 10281.000    0.0283010
 10282.000    0.0285973
 10283.000    0.0288935
 10284.000    0.0291898
 10285.000    0.0294860
 10286.000    0.0297823
 10287.000    0.0300786
 10288.000    0.0303748
 10289.000    0.0306711
 10290.000    0.0309673
 10291.000    0.0312636
 10292.000    0.0315599
 10293.000    0.0318561
 10294.000    0.0321524
 10295.000    0.0324486
 10296.000    0.0327449
 10297.000    0.0330441
 10298.000    0.0333447
 10299.000    0.0336453
 10300.000    0.0339512
 10301.000    0.0342619
 10302.000    0.0345726
 10303.000    0.0348833
 10304.000    0.0351939
 10305.000    0.0355046
 10306.000    0.0358153
 10307.000    0.0361260
 10308.000    0.0364366
 10309.000    0.0367473
 10310.000    0.0370580
 10311.000    0.0373687
 10312.000    0.0376793
 10313.000    0.0379900
 10314.000    0.0383007
 10315.000    0.0386114
 10316.000    0.0389220
 10317.000    0.0392327
 10318.000    0.0395434
 10319.000    0.0398540
 10320.000    0.0401647
 10321.000    0.0404754
 10322.000    0.0408036
 10323.000    0.0411897
 10324.000    0.0416549
 10325.000    0.0421406
 10326.000    0.0426469
 10327.000    0.0431887
 10328.000    0.0437451
 10329.000    0.0443626
 10330.000    0.0450037
 10331.000    0.0456568
 10332.000    0.0463299
 10333.000    0.0470168
 10334.000    0.0477118
 10335.000    0.0484068
 10336.000    0.0491017
 10337.000    0.0498064
 10338.000    0.0505230
 10339.000    0.0512490
 10340.000    0.0519750
 10341.000    0.0527011
 10342.000    0.0534271
 10343.000    0.0541690
 10344.000    0.0549155
 10345.000    0.0556620
 10346.000    0.0564085
 10347.000    0.0571550
 10348.000    0.0579120
 10349.000    0.0586704
 10350.000    0.0594326
 10351.000    0.0602023
 10352.000    0.0609721
 10353.000    0.0617418
 10354.000    0.0625116
 10355.000    0.0632813
 10356.000    0.0640512
 10357.000    0.0648210
 10358.000    0.0655907
 10359.000    0.0663605
 10360.000    0.0671302
 10361.000    0.0679000
 10362.000    0.0686697
 10363.000    0.0694395
 10364.000    0.0702092
 10365.000    0.0709790
 10366.000    0.0717487
 10367.000    0.0725185
 10368.000    0.0732882
 10369.000    0.0740580
 10370.000    0.0748277
 10371.000    0.0755975
 10372.000    0.0763672
 10373.000    0.0771370
 10374.000    0.0779067
 10375.000    0.0786765
 10376.000    0.0794463
 10377.000    0.0802248
 10378.000    0.0810076
 10379.000    0.0817904
 10380.000    0.0825842
 10381.000    0.0833877
 10382.000    0.0841911
 10383.000    0.0849946
 10384.000    0.0857980
 10385.000    0.0866015
 10386.000    0.0874049
 10387.000    0.0882083
 10388.000    0.0890118
 10389.000    0.0898152
 10390.000    0.0906187
 10391.000    0.0914221
 10392.000    0.0922256
 10393.000    0.0930290
 10394.000    0.0938325
 10395.000    0.0946359
 10396.000    0.0954394
 10397.000    0.0962428
 10398.000    0.0970463
 10399.000    0.0978497
 10400.000    0.0986532
 10401.000    0.0994566
 10402.000    0.1003005
 10403.000    0.1012764
 10404.000    0.1024343
 10405.000    0.1036409
 10406.000    0.1049004
 10407.000    0.1062422
 10408.000    0.1076192
 10409.000    0.1091638
 10410.000    0.1107754
 10411.000    0.1124219
 10412.000    0.1141168
 10413.000    0.1158475
 10414.000    0.1176023
 10415.000    0.1193569
 10416.000    0.1211115
 10417.000    0.1228931
 10418.000    0.1247024
 10419.000    0.1265324
 10420.000    0.1283625
 10421.000    0.1301926
 10422.000    0.1320226
 10423.000    0.1338866
 10424.000    0.1357604
 10425.000    0.1376343
 10426.000    0.1395081
 10427.000    0.1413819
 10428.000    0.1432855
 10429.000    0.1451929
 10430.000    0.1471115
 10431.000    0.1490527
 10432.000    0.1509939
 10433.000    0.1529350
 10434.000    0.1548762
 10435.000    0.1568174
 10436.000    0.1587586
 10437.000    0.1606998
 10438.000    0.1626409
 10439.000    0.1645821
 10440.000    0.1665233
 10441.000    0.1684644
 10442.000    0.1704056
 10443.000    0.1723467
 10444.000    0.1742880
 10445.000    0.1762292
 10446.000    0.1781703
 10447.000    0.1801115
 10448.000    0.1820527
 10449.000    0.1839938
 10450.000    0.1859350
 10451.000    0.1878762
 10452.000    0.1898173
 10453.000    0.1917586
 10454.000    0.1936997
 10455.000    0.1956409
 10456.000    0.1975821
 10457.000    0.1995460
 10458.000    0.2015212
 10459.000    0.2034964
 10460.000    0.2054955
 10461.000    0.2075162
 10462.000    0.2095370
 10463.000    0.2115577
 10464.000    0.2135784
 10465.000    0.2155991
 10466.000    0.2176198
 10467.000    0.2196405
 10468.000    0.2216612
 10469.000    0.2236819
 10470.000    0.2257026
 10471.000    0.2277234
 10472.000    0.2297442
 10473.000    0.2317649
 10474.000    0.2337856
 10475.000    0.2358063
 10476.000    0.2378270
 10477.000    0.2398477
 10478.000    0.2418684
 10479.000    0.2438891
 10480.000    0.2459098
 10481.000    0.2479306
 10482.000    0.2499820
 10483.000    0.2521332
 10484.000    0.2544189
 10485.000    0.2567539
 10486.000    0.2591578
 10487.000    0.2616353
 10488.000    0.2641495
 10489.000    0.2669089
 10490.000    0.2697757
 10491.000    0.2726980
 10492.000    0.2756725
 10493.000    0.2786917
 10494.000    0.2817490
 10495.000    0.2848063
 10496.000    0.2878637
 10497.000    0.2909640
 10498.000    0.2940887
 10499.000    0.2972284
 10500.000    0.3003680
 10501.000    0.3035077
 10502.000    0.3066474
 10503.000    0.3098098
 10504.000    0.3129787
 10505.000    0.3161476
 10506.000    0.3193166
 10507.000    0.3224856
 10508.000    0.3257013
 10509.000    0.3289232
 10510.000    0.3321624
 10511.000    0.3354368
 10512.000    0.3387111
 10513.000    0.3419854
 10514.000    0.3452597
 10515.000    0.3485340
 10516.000    0.3518083
 10517.000    0.3550826
 10518.000    0.3583570
 10519.000    0.3616313
 10520.000    0.3649056
 10521.000    0.3681799
 10522.000    0.3714542
 10523.000    0.3747286
 10524.000    0.3780029
 10525.000    0.3812772
 10526.000    0.3845515
 10527.000    0.3878258
 10528.000    0.3911001
 10529.000    0.3943745
 10530.000    0.3976488
 10531.000    0.4009231
 10532.000    0.4041974
 10533.000    0.4074717
 10534.000    0.4107461
 10535.000    0.4140204
 10536.000    0.4172947
 10537.000    0.4206051
 10538.000    0.4239333
 10539.000    0.4272616
 10540.000    0.4306037
 10541.000    0.4339581
 10542.000    0.4373126
 10543.000    0.4406671
 10544.000    0.4440216
 10545.000    0.4473761
 10546.000    0.4507306
 10547.000    0.4540851
 10548.000    0.4574396
 10549.000    0.4607941
 10550.000    0.4641485
 10551.000    0.4675031
 10552.000    0.4708576
 10553.000    0.4742121
 10554.000    0.4775665
 10555.000    0.4809210
 10556.000    0.4842755
 10557.000    0.4876301
 10558.000    0.4909846
 10559.000    0.4943390
 10560.000    0.4976935
 10561.000    0.5010480
 10562.000    0.5043882
 10563.000    0.5076825
 10564.000    0.5109075
 10565.000    0.5141265
 10566.000    0.5173585
 10567.000    0.5205793
 10568.000    0.5238011
 10569.000    0.5270982
 10570.000    0.5304348
 10571.000    0.5337944
 10572.000    0.5371581
 10573.000    0.5405318
 10574.000    0.5439220
 10575.000    0.5473122
 10576.000    0.5507025
 10577.000    0.5541120
 10578.000    0.5575171
 10579.000    0.5609144
 10580.000    0.5643117
 10581.000    0.5677091
 10582.000    0.5711064
 10583.000    0.5744898
 10584.000    0.5778689
 10585.000    0.5812480
 10586.000    0.5846273
 10587.000    0.5880065
 10588.000    0.5914043
 10589.000    0.5948046
 10590.000    0.5982119
 10591.000    0.6016335
 10592.000    0.6050552
 10593.000    0.6084768
 10594.000    0.6118984
 10595.000    0.6153201
 10596.000    0.6187418
 10597.000    0.6221634
 10598.000    0.6255851
 10599.000    0.6290067
 10600.000    0.6324283
 10601.000    0.6358500
 10602.000    0.6392716
 10603.000    0.6426933
 10604.000    0.6461149
 10605.000    0.6495366
 10606.000    0.6529582
 10607.000    0.6563798
 10608.000    0.6598015
 10609.000    0.6632231
 10610.000    0.6666448
 10611.000    0.6700665
 10612.000    0.6734881
 10613.000    0.6769097
 10614.000    0.6803315
 10615.000    0.6837531
 10616.000    0.6871747
 10617.000    0.6906082
 10618.000    0.6940476
 10619.000    0.6974869
 10620.000    0.7009142
 10621.000    0.7043307
 10622.000    0.7077471
 10623.000    0.7111635
 10624.000    0.7145801
 10625.000    0.7179964
 10626.000    0.7214128
 10627.000    0.7248293
 10628.000    0.7282457
 10629.000    0.7316622
 10630.000    0.7350786
 10631.000    0.7384951
 10632.000    0.7419115
 10633.000    0.7453279
 10634.000    0.7487444
 10635.000    0.7521608
 10636.000    0.7555773
 10637.000    0.7589937
 10638.000    0.7624102
 10639.000    0.7658266
 10640.000    0.7692431
 10641.000    0.7726594
 10642.000    0.7760397
 10643.000    0.7793056
 10644.000    0.7824136
 10645.000    0.7854661
 10646.000    0.7884436
 10647.000    0.7913374
 10648.000    0.7941902
 10649.000    0.7967842
 10650.000    0.7992700
 10651.000    0.8017041
 10652.000    0.8040811
 10653.000    0.8064115
 10654.000    0.8087051
 10655.000    0.8109989
 10656.000    0.8132926
 10657.000    0.8155423
 10658.000    0.8177609
 10659.000    0.8199589
 10660.000    0.8221567
 10661.000    0.8243545
 10662.000    0.8265523
 10663.000    0.8287159
 10664.000    0.8308696
 10665.000    0.8330234
 10666.000    0.8351772
 10667.000    0.8373309
 10668.000    0.8394334
 10669.000    0.8415293
 10670.000    0.8436068
 10671.000    0.8456472
 10672.000    0.8476874
 10673.000    0.8497277
 10674.000    0.8517681
 10675.000    0.8538083
 10676.000    0.8558486
 10677.000    0.8578889
 10678.000    0.8599292
 10679.000    0.8619695
 10680.000    0.8640097
 10681.000    0.8660502
 10682.000    0.8680904
 10683.000    0.8701307
 10684.000    0.8721710
 10685.000    0.8742113
 10686.000    0.8762516
 10687.000    0.8782918
 10688.000    0.8803321
 10689.000    0.8823724
 10690.000    0.8844127
 10691.000    0.8864530
 10692.000    0.8884933
 10693.000    0.8905336
 10694.000    0.8925739
 10695.000    0.8946142
 10696.000    0.8966544
 10697.000    0.8986539
 10698.000    0.9006333
 10699.000    0.9026126
 10700.000    0.9045683
 10701.000    0.9065025
 10702.000    0.9084369
 10703.000    0.9103712
 10704.000    0.9123055
 10705.000    0.9142398
 10706.000    0.9161740
 10707.000    0.9181083
 10708.000    0.9200427
 10709.000    0.9219770
 10710.000    0.9239112
 10711.000    0.9258454
 10712.000    0.9277798
 10713.000    0.9297141
 10714.000    0.9316483
 10715.000    0.9335826
 10716.000    0.9355170
 10717.000    0.9374512
 10718.000    0.9393855
 10719.000    0.9413199
 10720.000    0.9432542
 10721.000    0.9451885
 10722.000    0.9470846
 10723.000    0.9488501
 10724.000    0.9504399
 10725.000    0.9519774
 10726.000    0.9534479
 10727.000    0.9548258
 10728.000    0.9561607
 10729.000    0.9572684
 10730.000    0.9582769
 10731.000    0.9592316
 10732.000    0.9601234
 10733.000    0.9609649
 10734.000    0.9617677
 10735.000    0.9625703
 10736.000    0.9633730
 10737.000    0.9641297
 10738.000    0.9648532
 10739.000    0.9655541
 10740.000    0.9662549
 10741.000    0.9669557
 10742.000    0.9676565
 10743.000    0.9683219
 10744.000    0.9689772
 10745.000    0.9696324
 10746.000    0.9702877
 10747.000    0.9709430
 10748.000    0.9715480
 10749.000    0.9721464
 10750.000    0.9727271
 10751.000    0.9732713
 10752.000    0.9738156
 10753.000    0.9743598
 10754.000    0.9749039
 10755.000    0.9754483
 10756.000    0.9759924
 10757.000    0.9765367
 10758.000    0.9770809
 10759.000    0.9776252
 10760.000    0.9781694
 10761.000    0.9787137
 10762.000    0.9792579
 10763.000    0.9798021
 10764.000    0.9803463
 10765.000    0.9808905
 10766.000    0.9814348
 10767.000    0.9819790
 10768.000    0.9825231
 10769.000    0.9830675
 10770.000    0.9836116
 10771.000    0.9841560
 10772.000    0.9847002
 10773.000    0.9852445
 10774.000    0.9857886
 10775.000    0.9863328
 10776.000    0.9868771
 10777.000    0.9873850
 10778.000    0.9878751
 10779.000    0.9883651
 10780.000    0.9888327
 10781.000    0.9892800
 10782.000    0.9897272
 10783.000    0.9901745
 10784.000    0.9906218
 10785.000    0.9910691
 10786.000    0.9915164
 10787.000    0.9919637
 10788.000    0.9924109
 10789.000    0.9928582
 10790.000    0.9933055
 10791.000    0.9937528
 10792.000    0.9942001
 10793.000    0.9946475
 10794.000    0.9950947
 10795.000    0.9955420
 10796.000    0.9959893
 10797.000    0.9964366
 10798.000    0.9968838
 10799.000    0.9973312
 10800.000    0.9977784
 10801.000    0.9982257
 10802.000    0.9986519
 10803.000    0.9990102
 10804.000    0.9992832
 10805.000    0.9995248
 10806.000    0.9997252
 10807.000    0.9998744
 10808.000    1.0000000
 10809.000    0.9999768
 10810.000    0.9998873
 10811.000    0.9997599
 10812.000    0.9995981
 10813.000    0.9994070
 10814.000    0.9991906
 10815.000    0.9989743
 10816.000    0.9987579
 10817.000    0.9985154
 10818.000    0.9982588
 10819.000    0.9979939
 10820.000    0.9977290
 10821.000    0.9974641
 10822.000    0.9971993
 10823.000    0.9969210
 10824.000    0.9966388
 10825.000    0.9963566
 10826.000    0.9960744
 10827.000    0.9957922
 10828.000    0.9954844
 10829.000    0.9951732
 10830.000    0.9948515
 10831.000    0.9945085
 10832.000    0.9941657
 10833.000    0.9938228
 10834.000    0.9934799
 10835.000    0.9931370
 10836.000    0.9927941
 10837.000    0.9924513
 10838.000    0.9921084
 10839.000    0.9917655
 10840.000    0.9914227
 10841.000    0.9910797
 10842.000    0.9907369
 10843.000    0.9903940
 10844.000    0.9900512
 10845.000    0.9897082
 10846.000    0.9893653
 10847.000    0.9890226
 10848.000    0.9886796
 10849.000    0.9883367
 10850.000    0.9879938
 10851.000    0.9876509
 10852.000    0.9873081
 10853.000    0.9869652
 10854.000    0.9866223
 10855.000    0.9862794
 10856.000    0.9859365
 10857.000    0.9855752
 10858.000    0.9852049
 10859.000    0.9848346
 10860.000    0.9844573
 10861.000    0.9840738
 10862.000    0.9836903
 10863.000    0.9833068
 10864.000    0.9829233
 10865.000    0.9825398
 10866.000    0.9821563
 10867.000    0.9817728
 10868.000    0.9813893
 10869.000    0.9810058
 10870.000    0.9806223
 10871.000    0.9802387
 10872.000    0.9798552
 10873.000    0.9794717
 10874.000    0.9790882
 10875.000    0.9787048
 10876.000    0.9783213
 10877.000    0.9779379
 10878.000    0.9775544
 10879.000    0.9771709
 10880.000    0.9767874
 10881.000    0.9764038
 10882.000    0.9760092
 10883.000    0.9755788
 10884.000    0.9751011
 10885.000    0.9746104
 10886.000    0.9741043
 10887.000    0.9735777
 10888.000    0.9730416
 10889.000    0.9724479
 10890.000    0.9718319
 10891.000    0.9712036
 10892.000    0.9705635
 10893.000    0.9699135
 10894.000    0.9692555
 10895.000    0.9685975
 10896.000    0.9679395
 10897.000    0.9672746
 10898.000    0.9666060
 10899.000    0.9659350
 10900.000    0.9652641
 10901.000    0.9645932
 10902.000    0.9639223
 10903.000    0.9632490
 10904.000    0.9625751
 10905.000    0.9619011
 10906.000    0.9612271
 10907.000    0.9605532
 10908.000    0.9598759
 10909.000    0.9591984
 10910.000    0.9585184
 10911.000    0.9578341
 10912.000    0.9571499
 10913.000    0.9564655
 10914.000    0.9557812
 10915.000    0.9550970
 10916.000    0.9544125
 10917.000    0.9537283
 10918.000    0.9530441
 10919.000    0.9523596
 10920.000    0.9516754
 10921.000    0.9509910
 10922.000    0.9503067
 10923.000    0.9496224
 10924.000    0.9489381
 10925.000    0.9482538
 10926.000    0.9475695
 10927.000    0.9468852
 10928.000    0.9462009
 10929.000    0.9455166
 10930.000    0.9448323
 10931.000    0.9441480
 10932.000    0.9434637
 10933.000    0.9427794
 10934.000    0.9420951
 10935.000    0.9414108
 10936.000    0.9407265
 10937.000    0.9400384
 10938.000    0.9393486
 10939.000    0.9386587
 10940.000    0.9379675
 10941.000    0.9372751
 10942.000    0.9365826
 10943.000    0.9358901
 10944.000    0.9351977
 10945.000    0.9345052
 10946.000    0.9338127
 10947.000    0.9331203
 10948.000    0.9324278
 10949.000    0.9317354
 10950.000    0.9310429
 10951.000    0.9303504
 10952.000    0.9296581
 10953.000    0.9289654
 10954.000    0.9282731
 10955.000    0.9275806
 10956.000    0.9268880
 10957.000    0.9261957
 10958.000    0.9255032
 10959.000    0.9248106
 10960.000    0.9241183
 10961.000    0.9234258
 10962.000    0.9227589
 10963.000    0.9221702
 10964.000    0.9216884
 10965.000    0.9212379
 10966.000    0.9208190
 10967.000    0.9204479
 10968.000    0.9200974
 10969.000    0.9198475
 10970.000    0.9196405
 10971.000    0.9194553
 10972.000    0.9192992
 10973.000    0.9191655
 10974.000    0.9190479
 10975.000    0.9189303
 10976.000    0.9188126
 10977.000    0.9187109
 10978.000    0.9186251
 10979.000    0.9185511
 10980.000    0.9184769
 10981.000    0.9184029
 10982.000    0.9183289
 10983.000    0.9182754
 10984.000    0.9182278
 10985.000    0.9181803
 10986.000    0.9181327
 10987.000    0.9180852
 10988.000    0.9180555
 10989.000    0.9180282
 10990.000    0.9180080
 10991.000    0.9180022
 10992.000    0.9179966
 10993.000    0.9179909
 10994.000    0.9179852
 10995.000    0.9179795
 10996.000    0.9179739
 10997.000    0.9179681
 10998.000    0.9179625
 10999.000    0.9179568
 11000.000    0.9179511
 11001.000    0.9179454
 11002.000    0.9179397
 11003.000    0.9179341
 11004.000    0.9179284
 11005.000    0.9179227
 11006.000    0.9179170
 11007.000    0.9179113
 11008.000    0.9179056
 11009.000    0.9179000
 11010.000    0.9178942
 11011.000    0.9178886
 11012.000    0.9178829
 11013.000    0.9178772
 11014.000    0.9178715
 11015.000    0.9178659
 11016.000    0.9178601
 11017.000    0.9178695
 11018.000    0.9178863
 11019.000    0.9179031
 11020.000    0.9179326
 11021.000    0.9179736
 11022.000    0.9180145
 11023.000    0.9180555
 11024.000    0.9180964
 11025.000    0.9181374
 11026.000    0.9181783
 11027.000    0.9182193
 11028.000    0.9182602
 11029.000    0.9183012
 11030.000    0.9183421
 11031.000    0.9183831
 11032.000    0.9184240
 11033.000    0.9184650
 11034.000    0.9185060
 11035.000    0.9185469
 11036.000    0.9185879
 11037.000    0.9186288
 11038.000    0.9186698
 11039.000    0.9187106
 11040.000    0.9187517
 11041.000    0.9187925
 11042.000    0.9188431
 11043.000    0.9189231
 11044.000    0.9190390
 11045.000    0.9191698
 11046.000    0.9193240
 11047.000    0.9194993
 11048.000    0.9196861
 11049.000    0.9199582
 11050.000    0.9202669
 11051.000    0.9205906
 11052.000    0.9209298
 11053.000    0.9212824
 11054.000    0.9216459
 11055.000    0.9220093
 11056.000    0.9223726
 11057.000    0.9227499
 11058.000    0.9231341
 11059.000    0.9235226
 11060.000    0.9239111
 11061.000    0.9242995
 11062.000    0.9246879
 11063.000    0.9250820
 11064.000    0.9254777
 11065.000    0.9258735
 11066.000    0.9262692
 11067.000    0.9266649
 11068.000    0.9270748
 11069.000    0.9274868
 11070.000    0.9279039
 11071.000    0.9283311
 11072.000    0.9287587
 11073.000    0.9291860
 11074.000    0.9296134
 11075.000    0.9300410
 11076.000    0.9304683
 11077.000    0.9308957
 11078.000    0.9313231
 11079.000    0.9317505
 11080.000    0.9321779
 11081.000    0.9326053
 11082.000    0.9330328
 11083.000    0.9334601
 11084.000    0.9338875
 11085.000    0.9343149
 11086.000    0.9347423
 11087.000    0.9351697
 11088.000    0.9355972
 11089.000    0.9360245
 11090.000    0.9364519
 11091.000    0.9368794
 11092.000    0.9373067
 11093.000    0.9377342
 11094.000    0.9381616
 11095.000    0.9385890
 11096.000    0.9390164
 11097.000    0.9394558
 11098.000    0.9399014
 11099.000    0.9403468
 11100.000    0.9407956
 11101.000    0.9412474
 11102.000    0.9416993
 11103.000    0.9421511
 11104.000    0.9426029
 11105.000    0.9430548
 11106.000    0.9435066
 11107.000    0.9439585
 11108.000    0.9444103
 11109.000    0.9448621
 11110.000    0.9453140
 11111.000    0.9457658
 11112.000    0.9462177
 11113.000    0.9466695
 11114.000    0.9471213
 11115.000    0.9475731
 11116.000    0.9480250
 11117.000    0.9484768
 11118.000    0.9489287
 11119.000    0.9493805
 11120.000    0.9498323
 11121.000    0.9502842
 11122.000    0.9507191
 11123.000    0.9511011
 11124.000    0.9514129
 11125.000    0.9517052
 11126.000    0.9519739
 11127.000    0.9522064
 11128.000    0.9524229
 11129.000    0.9525629
 11130.000    0.9526746
 11131.000    0.9527692
 11132.000    0.9528401
 11133.000    0.9528933
 11134.000    0.9529340
 11135.000    0.9529747
 11136.000    0.9530153
 11137.000    0.9530438
 11138.000    0.9530600
 11139.000    0.9530668
 11140.000    0.9530736
 11141.000    0.9530804
 11142.000    0.9530870
 11143.000    0.9530767
 11144.000    0.9530615
 11145.000    0.9530463
 11146.000    0.9530311
 11147.000    0.9530157
 11148.000    0.9529871
 11149.000    0.9529569
 11150.000    0.9529212
 11151.000    0.9528745
 11152.000    0.9528279
 11153.000    0.9527813
 11154.000    0.9527346
 11155.000    0.9526879
 11156.000    0.9526414
 11157.000    0.9525948
 11158.000    0.9525480
 11159.000    0.9525014
 11160.000    0.9524549
 11161.000    0.9524081
 11162.000    0.9523615
 11163.000    0.9523150
 11164.000    0.9522682
 11165.000    0.9522216
 11166.000    0.9521750
 11167.000    0.9521284
 11168.000    0.9520817
 11169.000    0.9520351
 11170.000    0.9519885
 11171.000    0.9519417
 11172.000    0.9518951
 11173.000    0.9518486
 11174.000    0.9518020
 11175.000    0.9517552
 11176.000    0.9517087
 11177.000    0.9516495
 11178.000    0.9515843
 11179.000    0.9515191
 11180.000    0.9514434
 11181.000    0.9513586
 11182.000    0.9512734
 11183.000    0.9511884
 11184.000    0.9511033
 11185.000    0.9510183
 11186.000    0.9509333
 11187.000    0.9508483
 11188.000    0.9507633
 11189.000    0.9506782
 11190.000    0.9505932
 11191.000    0.9505082
 11192.000    0.9504232
 11193.000    0.9503381
 11194.000    0.9502531
 11195.000    0.9501681
 11196.000    0.9500831
 11197.000    0.9499981
 11198.000    0.9499130
 11199.000    0.9498280
 11200.000    0.9497430
 11201.000    0.9496580
 11202.000    0.9495688
 11203.000    0.9494596
 11204.000    0.9493234
 11205.000    0.9491785
 11206.000    0.9490169
 11207.000    0.9488413
 11208.000    0.9486583
 11209.000    0.9484167
 11210.000    0.9481491
 11211.000    0.9478707
 11212.000    0.9475839
 11213.000    0.9472896
 11214.000    0.9469898
 11215.000    0.9466902
 11216.000    0.9463904
 11217.000    0.9460819
 11218.000    0.9457692
 11219.000    0.9454543
 11220.000    0.9451394
 11221.000    0.9448244
 11222.000    0.9445095
 11223.000    0.9441915
 11224.000    0.9438725
 11225.000    0.9435536
 11226.000    0.9432347
 11227.000    0.9429158
 11228.000    0.9425870
 11229.000    0.9422569
 11230.000    0.9419237
 11231.000    0.9415841
 11232.000    0.9412445
 11233.000    0.9409049
 11234.000    0.9405653
 11235.000    0.9402257
 11236.000    0.9398860
 11237.000    0.9395464
 11238.000    0.9392068
 11239.000    0.9388672
 11240.000    0.9385276
 11241.000    0.9381881
 11242.000    0.9378484
 11243.000    0.9375089
 11244.000    0.9371693
 11245.000    0.9368297
 11246.000    0.9364901
 11247.000    0.9361506
 11248.000    0.9358109
 11249.000    0.9354713
 11250.000    0.9351317
 11251.000    0.9347921
 11252.000    0.9344525
 11253.000    0.9341129
 11254.000    0.9337733
 11255.000    0.9334337
 11256.000    0.9330941
 11257.000    0.9327471
 11258.000    0.9323964
 11259.000    0.9320456
 11260.000    0.9316921
 11261.000    0.9313361
 11262.000    0.9309801
 11263.000    0.9306241
 11264.000    0.9302681
 11265.000    0.9299121
 11266.000    0.9295561
 11267.000    0.9292001
 11268.000    0.9288441
 11269.000    0.9284881
 11270.000    0.9281321
 11271.000    0.9277760
 11272.000    0.9274201
 11273.000    0.9270641
 11274.000    0.9267080
 11275.000    0.9263521
 11276.000    0.9259961
 11277.000    0.9256400
 11278.000    0.9252841
 11279.000    0.9249281
 11280.000    0.9245721
 11281.000    0.9242161
 11282.000    0.9238561
 11283.000    0.9234906
 11284.000    0.9231114
 11285.000    0.9227279
 11286.000    0.9223478
 11287.000    0.9219702
 11288.000    0.9215954
 11289.000    0.9212427
 11290.000    0.9208975
 11291.000    0.9205568
 11292.000    0.9202210
 11293.000    0.9198897
 11294.000    0.9195623
 11295.000    0.9192347
 11296.000    0.9189070
 11297.000    0.9185849
 11298.000    0.9182637
 11299.000    0.9179427
 11300.000    0.9176217
 11301.000    0.9173008
 11302.000    0.9169798
 11303.000    0.9166609
 11304.000    0.9163427
 11305.000    0.9160244
 11306.000    0.9157062
 11307.000    0.9153879
 11308.000    0.9150751
 11309.000    0.9147630
 11310.000    0.9144533
 11311.000    0.9141488
 11312.000    0.9138442
 11313.000    0.9135396
 11314.000    0.9132351
 11315.000    0.9129305
 11316.000    0.9126260
 11317.000    0.9123214
 11318.000    0.9120168
 11319.000    0.9117122
 11320.000    0.9114076
 11321.000    0.9111031
 11322.000    0.9107985
 11323.000    0.9104940
 11324.000    0.9101894
 11325.000    0.9098848
 11326.000    0.9095802
 11327.000    0.9092757
 11328.000    0.9089711
 11329.000    0.9086665
 11330.000    0.9083620
 11331.000    0.9080574
 11332.000    0.9077529
 11333.000    0.9074482
 11334.000    0.9071437
 11335.000    0.9068391
 11336.000    0.9065344
 11337.000    0.9062343
 11338.000    0.9059362
 11339.000    0.9056382
 11340.000    0.9053372
 11341.000    0.9050335
 11342.000    0.9047297
 11343.000    0.9044260
 11344.000    0.9041224
 11345.000    0.9038187
 11346.000    0.9035149
 11347.000    0.9032112
 11348.000    0.9029074
 11349.000    0.9026039
 11350.000    0.9023001
 11351.000    0.9019964
 11352.000    0.9016926
 11353.000    0.9013889
 11354.000    0.9010853
 11355.000    0.9007816
 11356.000    0.9004778
 11357.000    0.9001740
 11358.000    0.8998703
 11359.000    0.8995668
 11360.000    0.8992630
 11361.000    0.8989592
 11362.000    0.8986654
 11363.000    0.8984079
 11364.000    0.8982005
 11365.000    0.8980029
 11366.000    0.8978094
 11367.000    0.8976353
 11368.000    0.8974680
 11369.000    0.8973029
 11370.000    0.8971391
 11371.000    0.8969796
 11372.000    0.8968288
 11373.000    0.8966830
 11374.000    0.8965389
 11375.000    0.8963948
 11376.000    0.8962506
 11377.000    0.8961095
 11378.000    0.8959755
 11379.000    0.8958477
 11380.000    0.8957198
 11381.000    0.8955920
 11382.000    0.8954641
 11383.000    0.8953430
 11384.000    0.8952239
 11385.000    0.8951047
 11386.000    0.8949855
 11387.000    0.8948664
 11388.000    0.8947483
 11389.000    0.8946306
 11390.000    0.8945128
 11391.000    0.8943954
 11392.000    0.8942780
 11393.000    0.8941606
 11394.000    0.8940432
 11395.000    0.8939258
 11396.000    0.8938084
 11397.000    0.8936910
 11398.000    0.8935736
 11399.000    0.8934562
 11400.000    0.8933388
 11401.000    0.8932213
 11402.000    0.8931039
 11403.000    0.8929865
 11404.000    0.8928691
 11405.000    0.8927517
 11406.000    0.8926343
 11407.000    0.8925169
 11408.000    0.8923994
 11409.000    0.8922821
 11410.000    0.8921647
 11411.000    0.8920472
 11412.000    0.8919298
 11413.000    0.8918124
 11414.000    0.8916950
 11415.000    0.8915776
 11416.000    0.8914602
 11417.000    0.8913397
 11418.000    0.8912178
 11419.000    0.8910959
 11420.000    0.8909779
 11421.000    0.8908636
 11422.000    0.8907492
 11423.000    0.8906348
 11424.000    0.8905203
 11425.000    0.8904060
 11426.000    0.8902916
 11427.000    0.8901772
 11428.000    0.8900628
 11429.000    0.8899484
 11430.000    0.8898340
 11431.000    0.8897196
 11432.000    0.8896052
 11433.000    0.8894909
 11434.000    0.8893765
 11435.000    0.8892620
 11436.000    0.8891477
 11437.000    0.8890333
 11438.000    0.8889189
 11439.000    0.8888045
 11440.000    0.8886901
 11441.000    0.8885757
 11442.000    0.8884657
 11443.000    0.8883665
 11444.000    0.8882817
 11445.000    0.8882063
 11446.000    0.8881513
 11447.000    0.8881146
 11448.000    0.8880877
 11449.000    0.8881461
 11450.000    0.8882378
 11451.000    0.8883506
 11452.000    0.8884782
 11453.000    0.8886203
 11454.000    0.8887780
 11455.000    0.8889358
 11456.000    0.8890935
 11457.000    0.8892650
 11458.000    0.8894395
 11459.000    0.8896142
 11460.000    0.8897890
 11461.000    0.8899637
 11462.000    0.8901385
 11463.000    0.8903157
 11464.000    0.8904936
 11465.000    0.8906715
 11466.000    0.8908494
 11467.000    0.8910274
 11468.000    0.8912201
 11469.000    0.8914148
 11470.000    0.8916153
 11471.000    0.8918280
 11472.000    0.8920407
 11473.000    0.8922534
 11474.000    0.8924660
 11475.000    0.8926787
 11476.000    0.8928914
 11477.000    0.8931040
 11478.000    0.8933166
 11479.000    0.8935293
 11480.000    0.8937420
 11481.000    0.8939546
 11482.000    0.8941673
 11483.000    0.8943800
 11484.000    0.8945927
 11485.000    0.8948053
 11486.000    0.8950179
 11487.000    0.8952306
 11488.000    0.8954433
 11489.000    0.8956559
 11490.000    0.8958686
 11491.000    0.8960813
 11492.000    0.8962940
 11493.000    0.8965066
 11494.000    0.8967192
 11495.000    0.8969319
 11496.000    0.8971447
 11497.000    0.8973693
 11498.000    0.8975999
 11499.000    0.8978307
 11500.000    0.8980632
 11501.000    0.8982975
 11502.000    0.8985319
 11503.000    0.8987662
 11504.000    0.8990005
 11505.000    0.8992348
 11506.000    0.8994691
 11507.000    0.8997034
 11508.000    0.8999377
 11509.000    0.9001721
 11510.000    0.9004064
 11511.000    0.9006407
 11512.000    0.9008750
 11513.000    0.9011093
 11514.000    0.9013438
 11515.000    0.9015781
 11516.000    0.9018124
 11517.000    0.9020466
 11518.000    0.9022809
 11519.000    0.9025152
 11520.000    0.9027497
 11521.000    0.9029840
 11522.000    0.9032279
 11523.000    0.9035103
 11524.000    0.9038432
 11525.000    0.9041831
 11526.000    0.9045268
 11527.000    0.9048855
 11528.000    0.9052483
 11529.000    0.9056078
 11530.000    0.9059628
 11531.000    0.9063150
 11532.000    0.9066718
 11533.000    0.9070293
 11534.000    0.9073827
 11535.000    0.9077365
 11536.000    0.9080900
 11537.000    0.9084395
 11538.000    0.9087922
 11539.000    0.9091490
 11540.000    0.9095058
 11541.000    0.9098626
 11542.000    0.9102194
 11543.000    0.9105815
 11544.000    0.9109451
 11545.000    0.9113086
 11546.000    0.9116722
 11547.000    0.9120358
 11548.000    0.9123906
 11549.000    0.9127442
 11550.000    0.9130956
 11551.000    0.9134425
 11552.000    0.9137893
 11553.000    0.9141362
 11554.000    0.9144831
 11555.000    0.9148300
 11556.000    0.9151768
 11557.000    0.9155237
 11558.000    0.9158705
 11559.000    0.9162174
 11560.000    0.9165643
 11561.000    0.9169112
 11562.000    0.9172580
 11563.000    0.9176049
 11564.000    0.9179518
 11565.000    0.9182987
 11566.000    0.9186456
 11567.000    0.9189925
 11568.000    0.9193392
 11569.000    0.9196861
 11570.000    0.9200330
 11571.000    0.9203799
 11572.000    0.9207269
 11573.000    0.9210737
 11574.000    0.9214206
 11575.000    0.9217674
 11576.000    0.9221143
 11577.000    0.9224561
 11578.000    0.9227957
 11579.000    0.9231353
 11580.000    0.9234805
 11581.000    0.9238309
 11582.000    0.9241813
 11583.000    0.9245316
 11584.000    0.9248821
 11585.000    0.9252324
 11586.000    0.9255829
 11587.000    0.9259332
 11588.000    0.9262835
 11589.000    0.9266340
 11590.000    0.9269844
 11591.000    0.9273348
 11592.000    0.9276851
 11593.000    0.9280356
 11594.000    0.9283860
 11595.000    0.9287364
 11596.000    0.9290867
 11597.000    0.9294371
 11598.000    0.9297876
 11599.000    0.9301379
 11600.000    0.9304883
 11601.000    0.9308387
 11602.000    0.9311594
 11603.000    0.9313802
 11604.000    0.9314717
 11605.000    0.9315325
 11606.000    0.9315625
 11607.000    0.9315347
 11608.000    0.9314829
 11609.000    0.9313395
 11610.000    0.9311619
 11611.000    0.9309684
 11612.000    0.9307407
 11613.000    0.9304892
 11614.000    0.9302250
 11615.000    0.9299608
 11616.000    0.9296966
 11617.000    0.9294182
 11618.000    0.9291196
 11619.000    0.9288051
 11620.000    0.9284906
 11621.000    0.9281760
 11622.000    0.9278614
 11623.000    0.9275190
 11624.000    0.9271685
 11625.000    0.9268183
 11626.000    0.9264680
 11627.000    0.9261175
 11628.000    0.9257534
 11629.000    0.9253874
 11630.000    0.9250149
 11631.000    0.9246294
 11632.000    0.9242440
 11633.000    0.9238585
 11634.000    0.9234731
 11635.000    0.9230875
 11636.000    0.9227022
 11637.000    0.9223167
 11638.000    0.9219311
 11639.000    0.9215457
 11640.000    0.9211603
 11641.000    0.9207749
 11642.000    0.9203894
 11643.000    0.9200040
 11644.000    0.9196185
 11645.000    0.9192331
 11646.000    0.9188477
 11647.000    0.9184621
 11648.000    0.9180766
 11649.000    0.9176912
 11650.000    0.9173058
 11651.000    0.9169203
 11652.000    0.9165348
 11653.000    0.9161494
 11654.000    0.9157640
 11655.000    0.9153785
 11656.000    0.9149930
 11657.000    0.9145974
 11658.000    0.9141968
 11659.000    0.9137962
 11660.000    0.9133828
 11661.000    0.9129580
 11662.000    0.9125332
 11663.000    0.9121083
 11664.000    0.9116834
 11665.000    0.9112586
 11666.000    0.9108338
 11667.000    0.9104089
 11668.000    0.9099840
 11669.000    0.9095592
 11670.000    0.9091343
 11671.000    0.9087095
 11672.000    0.9082847
 11673.000    0.9078598
 11674.000    0.9074348
 11675.000    0.9070100
 11676.000    0.9065853
 11677.000    0.9061604
 11678.000    0.9057354
 11679.000    0.9053106
 11680.000    0.9048858
 11681.000    0.9044610
 11682.000    0.9040387
 11683.000    0.9036220
 11684.000    0.9032090
 11685.000    0.9027908
 11686.000    0.9023591
 11687.000    0.9019250
 11688.000    0.9014872
 11689.000    0.9009923
 11690.000    0.9004685
 11691.000    0.8999289
 11692.000    0.8993859
 11693.000    0.8988369
 11694.000    0.8982791
 11695.000    0.8977215
 11696.000    0.8971637
 11697.000    0.8965944
 11698.000    0.8960257
 11699.000    0.8954600
 11700.000    0.8948942
 11701.000    0.8943284
 11702.000    0.8937626
 11703.000    0.8932058
 11704.000    0.8926515
 11705.000    0.8920972
 11706.000    0.8915429
 11707.000    0.8909887
 11708.000    0.8904249
 11709.000    0.8898598
 11710.000    0.8892917
 11711.000    0.8887171
 11712.000    0.8881427
 11713.000    0.8875682
 11714.000    0.8869937
 11715.000    0.8864192
 11716.000    0.8858446
 11717.000    0.8852701
 11718.000    0.8846956
 11719.000    0.8841212
 11720.000    0.8835467
 11721.000    0.8829722
 11722.000    0.8823977
 11723.000    0.8818232
 11724.000    0.8812487
 11725.000    0.8806742
 11726.000    0.8800997
 11727.000    0.8795252
 11728.000    0.8789507
 11729.000    0.8783762
 11730.000    0.8778017
 11731.000    0.8772273
 11732.000    0.8766527
 11733.000    0.8760783
 11734.000    0.8755038
 11735.000    0.8749292
 11736.000    0.8743548
 11737.000    0.8737735
 11738.000    0.8731889
 11739.000    0.8726043
 11740.000    0.8720202
 11741.000    0.8714369
 11742.000    0.8708534
 11743.000    0.8702699
 11744.000    0.8696865
 11745.000    0.8691030
 11746.000    0.8685195
 11747.000    0.8679360
 11748.000    0.8673525
 11749.000    0.8667690
 11750.000    0.8661855
 11751.000    0.8656021
 11752.000    0.8650185
 11753.000    0.8644352
 11754.000    0.8638516
 11755.000    0.8632681
 11756.000    0.8626846
 11757.000    0.8621011
 11758.000    0.8615177
 11759.000    0.8609342
 11760.000    0.8603507
 11761.000    0.8597672
 11762.000    0.8591961
 11763.000    0.8586706
 11764.000    0.8582137
 11765.000    0.8577809
 11766.000    0.8573827
 11767.000    0.8570187
 11768.000    0.8566726
 11769.000    0.8564485
 11770.000    0.8562794
 11771.000    0.8561377
 11772.000    0.8560198
 11773.000    0.8559227
 11774.000    0.8558424
 11775.000    0.8557621
 11776.000    0.8556818
 11777.000    0.8556239
 11778.000    0.8555786
 11779.000    0.8555410
 11780.000    0.8555033
 11781.000    0.8554657
 11782.000    0.8554281
 11783.000    0.8554010
 11784.000    0.8553770
 11785.000    0.8553530
 11786.000    0.8553290
 11787.000    0.8553049
 11788.000    0.8553051
 11789.000    0.8553084
 11790.000    0.8553196
 11791.000    0.8553467
 11792.000    0.8553737
 11793.000    0.8554009
 11794.000    0.8554279
 11795.000    0.8554550
 11796.000    0.8554821
 11797.000    0.8555092
 11798.000    0.8555362
 11799.000    0.8555633
 11800.000    0.8555904
 11801.000    0.8556175
 11802.000    0.8556445
 11803.000    0.8556716
 11804.000    0.8556987
 11805.000    0.8557258
 11806.000    0.8557528
 11807.000    0.8557799
 11808.000    0.8558070
 11809.000    0.8558341
 11810.000    0.8558612
 11811.000    0.8558882
 11812.000    0.8559153
 11813.000    0.8559424
 11814.000    0.8559695
 11815.000    0.8559965
 11816.000    0.8560236
 11817.000    0.8560661
 11818.000    0.8561162
 11819.000    0.8561663
 11820.000    0.8562218
 11821.000    0.8562822
 11822.000    0.8563427
 11823.000    0.8564031
 11824.000    0.8564635
 11825.000    0.8565240
 11826.000    0.8565844
 11827.000    0.8566449
 11828.000    0.8567053
 11829.000    0.8567657
 11830.000    0.8568262
 11831.000    0.8568866
 11832.000    0.8569471
 11833.000    0.8570075
 11834.000    0.8570679
 11835.000    0.8571284
 11836.000    0.8571888
 11837.000    0.8572493
 11838.000    0.8573096
 11839.000    0.8573701
 11840.000    0.8574305
 11841.000    0.8574909
 11842.000    0.8575516
 11843.000    0.8576036
 11844.000    0.8576450
 11845.000    0.8576826
 11846.000    0.8577093
 11847.000    0.8577249
 11848.000    0.8577340
 11849.000    0.8576986
 11850.000    0.8576440
 11851.000    0.8575775
 11852.000    0.8575021
 11853.000    0.8574179
 11854.000    0.8573259
 11855.000    0.8572339
 11856.000    0.8571420
 11857.000    0.8570391
 11858.000    0.8569333
 11859.000    0.8568268
 11860.000    0.8567203
 11861.000    0.8566137
 11862.000    0.8565071
 11863.000    0.8564001
 11864.000    0.8562931
 11865.000    0.8561860
 11866.000    0.8560789
 11867.000    0.8559717
 11868.000    0.8558557
 11869.000    0.8557385
 11870.000    0.8556182
 11871.000    0.8554921
 11872.000    0.8553659
 11873.000    0.8552397
 11874.000    0.8551136
 11875.000    0.8549874
 11876.000    0.8548613
 11877.000    0.8547351
 11878.000    0.8546089
 11879.000    0.8544828
 11880.000    0.8543566
 11881.000    0.8542305
 11882.000    0.8541043
 11883.000    0.8539781
 11884.000    0.8538519
 11885.000    0.8537258
 11886.000    0.8535996
 11887.000    0.8534734
 11888.000    0.8533473
 11889.000    0.8532211
 11890.000    0.8530949
 11891.000    0.8529688
 11892.000    0.8528426
 11893.000    0.8527163
 11894.000    0.8525903
 11895.000    0.8524640
 11896.000    0.8523378
 11897.000    0.8522075
 11898.000    0.8520752
 11899.000    0.8519428
 11900.000    0.8518133
 11901.000    0.8516865
 11902.000    0.8515596
 11903.000    0.8514329
 11904.000    0.8513063
 11905.000    0.8511794
 11906.000    0.8510526
 11907.000    0.8509259
 11908.000    0.8507991
 11909.000    0.8506724
 11910.000    0.8505455
 11911.000    0.8504189
 11912.000    0.8502920
 11913.000    0.8501654
 11914.000    0.8500385
 11915.000    0.8499117
 11916.000    0.8497850
 11917.000    0.8496583
 11918.000    0.8495315
 11919.000    0.8494046
 11920.000    0.8492780
 11921.000    0.8491511
 11922.000    0.8490047
 11923.000    0.8487937
 11924.000    0.8484917
 11925.000    0.8481646
 11926.000    0.8478085
 11927.000    0.8474069
 11928.000    0.8469859
 11929.000    0.8464689
 11930.000    0.8459153
 11931.000    0.8453357
 11932.000    0.8447279
 11933.000    0.8440986
 11934.000    0.8434525
 11935.000    0.8428063
 11936.000    0.8421602
 11937.000    0.8414985
 11938.000    0.8408218
 11939.000    0.8401340
 11940.000    0.8394463
 11941.000    0.8387584
 11942.000    0.8380706
 11943.000    0.8373650
 11944.000    0.8366541
 11945.000    0.8359434
 11946.000    0.8352325
 11947.000    0.8345217
 11948.000    0.8337937
 11949.000    0.8330635
 11950.000    0.8323268
 11951.000    0.8315770
 11952.000    0.8308271
 11953.000    0.8300774
 11954.000    0.8293275
 11955.000    0.8285778
 11956.000    0.8278279
 11957.000    0.8270781
 11958.000    0.8263285
 11959.000    0.8255785
 11960.000    0.8248288
 11961.000    0.8240789
 11962.000    0.8233292
 11963.000    0.8225794
 11964.000    0.8218296
 11965.000    0.8210799
 11966.000    0.8203300
 11967.000    0.8195802
 11968.000    0.8188304
 11969.000    0.8180805
 11970.000    0.8173308
 11971.000    0.8165810
 11972.000    0.8158312
 11973.000    0.8150814
 11974.000    0.8143316
 11975.000    0.8135819
 11976.000    0.8128320
 11977.000    0.8120731
 11978.000    0.8113098
 11979.000    0.8105464
 11980.000    0.8097739
 11981.000    0.8089934
 11982.000    0.8082128
 11983.000    0.8074322
 11984.000    0.8066517
 11985.000    0.8058711
 11986.000    0.8050905
 11987.000    0.8043100
 11988.000    0.8035294
 11989.000    0.8027489
 11990.000    0.8019683
 11991.000    0.8011877
 11992.000    0.8004072
 11993.000    0.7996266
 11994.000    0.7988461
 11995.000    0.7980654
 11996.000    0.7972850
 11997.000    0.7965044
 11998.000    0.7957237
 11999.000    0.7949433
 12000.000    0.7941626
 12001.000    0.7933822
 12002.000    0.7926013
 12003.000    0.7918156
 12004.000    0.7910271
 12005.000    0.7902399
 12006.000    0.7894523
 12007.000    0.7886612
 12008.000    0.7878691
 12009.000    0.7870763
 12010.000    0.7862852
 12011.000    0.7854945
 12012.000    0.7847017
 12013.000    0.7839077
 12014.000    0.7831141
 12015.000    0.7823204
 12016.000    0.7815268
 12017.000    0.7807339
 12018.000    0.7799416
 12019.000    0.7791497
 12020.000    0.7783577
 12021.000    0.7775658
 12022.000    0.7767738
 12023.000    0.7759810
 12024.000    0.7751881
 12025.000    0.7743951
 12026.000    0.7736022
 12027.000    0.7728093
 12028.000    0.7720183
 12029.000    0.7712275
 12030.000    0.7704368
 12031.000    0.7696463
 12032.000    0.7688558
 12033.000    0.7680652
 12034.000    0.7672746
 12035.000    0.7664841
 12036.000    0.7656935
 12037.000    0.7649029
 12038.000    0.7641125
 12039.000    0.7633220
 12040.000    0.7625314
 12041.000    0.7617409
 12042.000    0.7609504
 12043.000    0.7601598
 12044.000    0.7593693
 12045.000    0.7585787
 12046.000    0.7577882
 12047.000    0.7569976
 12048.000    0.7562070
 12049.000    0.7554165
 12050.000    0.7546260
 12051.000    0.7538354
 12052.000    0.7530449
 12053.000    0.7522544
 12054.000    0.7514638
 12055.000    0.7506733
 12056.000    0.7498827
 12057.000    0.7490956
 12058.000    0.7483101
 12059.000    0.7475246
 12060.000    0.7467425
 12061.000    0.7459634
 12062.000    0.7451843
 12063.000    0.7444050
 12064.000    0.7436259
 12065.000    0.7428470
 12066.000    0.7420679
 12067.000    0.7412888
 12068.000    0.7405096
 12069.000    0.7397305
 12070.000    0.7389513
 12071.000    0.7381722
 12072.000    0.7373931
 12073.000    0.7366140
 12074.000    0.7358350
 12075.000    0.7350559
 12076.000    0.7342768
 12077.000    0.7334976
 12078.000    0.7327185
 12079.000    0.7319394
 12080.000    0.7311603
 12081.000    0.7303812
 12082.000    0.7296066
 12083.000    0.7288485
 12084.000    0.7281052
 12085.000    0.7273663
 12086.000    0.7266371
 12087.000    0.7259244
 12088.000    0.7252196
 12089.000    0.7245535
 12090.000    0.7239034
 12091.000    0.7232625
 12092.000    0.7226358
 12093.000    0.7220207
 12094.000    0.7214147
 12095.000    0.7208085
 12096.000    0.7202024
 12097.000    0.7196054
 12098.000    0.7190143
 12099.000    0.7184269
 12100.000    0.7178397
 12101.000    0.7172523
 12102.000    0.7166649
 12103.000    0.7160860
 12104.000    0.7155095
 12105.000    0.7149332
 12106.000    0.7143567
 12107.000    0.7137801
 12108.000    0.7132142
 12109.000    0.7126498
 12110.000    0.7120897
 12111.000    0.7115386
 12112.000    0.7109874
 12113.000    0.7104364
 12114.000    0.7098853
 12115.000    0.7093341
 12116.000    0.7087830
 12117.000    0.7082319
 12118.000    0.7076808
 12119.000    0.7071297
 12120.000    0.7065786
 12121.000    0.7060274
 12122.000    0.7054764
 12123.000    0.7049252
 12124.000    0.7043741
 12125.000    0.7038230
 12126.000    0.7032719
 12127.000    0.7027208
 12128.000    0.7021697
 12129.000    0.7016186
 12130.000    0.7010674
 12131.000    0.7005162
 12132.000    0.6999651
 12133.000    0.6994140
 12134.000    0.6988629
 12135.000    0.6983118
 12136.000    0.6977607
 12137.000    0.6972119
 12138.000    0.6966643
 12139.000    0.6961167
 12140.000    0.6955659
 12141.000    0.6950123
 12142.000    0.6944586
 12143.000    0.6939050
 12144.000    0.6933514
 12145.000    0.6927977
 12146.000    0.6922441
 12147.000    0.6916904
 12148.000    0.6911368
 12149.000    0.6905832
 12150.000    0.6900294
 12151.000    0.6894758
 12152.000    0.6889222
 12153.000    0.6883686
 12154.000    0.6878148
 12155.000    0.6872613
 12156.000    0.6867077
 12157.000    0.6861539
 12158.000    0.6856003
 12159.000    0.6850467
 12160.000    0.6844931
 12161.000    0.6839393
 12162.000    0.6834093
 12163.000    0.6829581
 12164.000    0.6826184
 12165.000    0.6823093
 12166.000    0.6820318
 12167.000    0.6818011
 12168.000    0.6815910
 12169.000    0.6814790
 12170.000    0.6814058
 12171.000    0.6813539
 12172.000    0.6813272
 12173.000    0.6813188
 12174.000    0.6813220
 12175.000    0.6813254
 12176.000    0.6813288
 12177.000    0.6813462
 12178.000    0.6813791
 12179.000    0.6814238
 12180.000    0.6814684
 12181.000    0.6815132
 12182.000    0.6815581
 12183.000    0.6816196
 12184.000    0.6816860
 12185.000    0.6817524
 12186.000    0.6818188
 12187.000    0.6818852
 12188.000    0.6819652
 12189.000    0.6820471
 12190.000    0.6821340
 12191.000    0.6822311
 12192.000    0.6823282
 12193.000    0.6824251
 12194.000    0.6825222
 12195.000    0.6826193
 12196.000    0.6827164
 12197.000    0.6828135
 12198.000    0.6829104
 12199.000    0.6830075
 12200.000    0.6831046
 12201.000    0.6832016
 12202.000    0.6832985
 12203.000    0.6833957
 12204.000    0.6834928
 12205.000    0.6835898
 12206.000    0.6836867
 12207.000    0.6837838
 12208.000    0.6838809
 12209.000    0.6839778
 12210.000    0.6840749
 12211.000    0.6841720
 12212.000    0.6842691
 12213.000    0.6843662
 12214.000    0.6844631
 12215.000    0.6845602
 12216.000    0.6846573
 12217.000    0.6847591
 12218.000    0.6848636
 12219.000    0.6849679
 12220.000    0.6850789
 12221.000    0.6851959
 12222.000    0.6853129
 12223.000    0.6854299
 12224.000    0.6855469
 12225.000    0.6856639
 12226.000    0.6857809
 12227.000    0.6858979
 12228.000    0.6860151
 12229.000    0.6861321
 12230.000    0.6862491
 12231.000    0.6863661
 12232.000    0.6864830
 12233.000    0.6866000
 12234.000    0.6867170
 12235.000    0.6868340
 12236.000    0.6869510
 12237.000    0.6870680
 12238.000    0.6871852
 12239.000    0.6873022
 12240.000    0.6874192
 12241.000    0.6875362
 12242.000    0.6876364
 12243.000    0.6876827
 12244.000    0.6876507
 12245.000    0.6875945
 12246.000    0.6875123
 12247.000    0.6873940
 12248.000    0.6872591
 12249.000    0.6870382
 12250.000    0.6867816
 12251.000    0.6865054
 12252.000    0.6862069
 12253.000    0.6858913
 12254.000    0.6855636
 12255.000    0.6852357
 12256.000    0.6849080
 12257.000    0.6845645
 12258.000    0.6842058
 12259.000    0.6838359
 12260.000    0.6834658
 12261.000    0.6830959
 12262.000    0.6827260
 12263.000    0.6823385
 12264.000    0.6819463
 12265.000    0.6815538
 12266.000    0.6811616
 12267.000    0.6807691
 12268.000    0.6803573
 12269.000    0.6799430
 12270.000    0.6795223
 12271.000    0.6790890
 12272.000    0.6786557
 12273.000    0.6782225
 12274.000    0.6777892
 12275.000    0.6773559
 12276.000    0.6769227
 12277.000    0.6764895
 12278.000    0.6760562
 12279.000    0.6756229
 12280.000    0.6751897
 12281.000    0.6747564
 12282.000    0.6743232
 12283.000    0.6738899
 12284.000    0.6734567
 12285.000    0.6730234
 12286.000    0.6725901
 12287.000    0.6721569
 12288.000    0.6717236
 12289.000    0.6712904
 12290.000    0.6708571
 12291.000    0.6704239
 12292.000    0.6699906
 12293.000    0.6695573
 12294.000    0.6691241
 12295.000    0.6686909
 12296.000    0.6682575
 12297.000    0.6678146
 12298.000    0.6673669
 12299.000    0.6669194
 12300.000    0.6664633
 12301.000    0.6660001
 12302.000    0.6655368
 12303.000    0.6650735
 12304.000    0.6646103
 12305.000    0.6641470
 12306.000    0.6636837
 12307.000    0.6632205
 12308.000    0.6627572
 12309.000    0.6622939
 12310.000    0.6618307
 12311.000    0.6613674
 12312.000    0.6609041
 12313.000    0.6604409
 12314.000    0.6599776
 12315.000    0.6595143
 12316.000    0.6590511
 12317.000    0.6585878
 12318.000    0.6581245
 12319.000    0.6576613
 12320.000    0.6571980
 12321.000    0.6567347
 12322.000    0.6562469
 12323.000    0.6556773
 12324.000    0.6549970
 12325.000    0.6542857
 12326.000    0.6535344
 12327.000    0.6527313
 12328.000    0.6519048
 12329.000    0.6509438
 12330.000    0.6499256
 12331.000    0.6488804
 12332.000    0.6478012
 12333.000    0.6466949
 12334.000    0.6455681
 12335.000    0.6444413
 12336.000    0.6433145
 12337.000    0.6421658
 12338.000    0.6410012
 12339.000    0.6398256
 12340.000    0.6386501
 12341.000    0.6374745
 12342.000    0.6362989
 12343.000    0.6351042
 12344.000    0.6339040
 12345.000    0.6327038
 12346.000    0.6315035
 12347.000    0.6303031
 12348.000    0.6290789
 12349.000    0.6278515
 12350.000    0.6266143
 12351.000    0.6253579
 12352.000    0.6241013
 12353.000    0.6228448
 12354.000    0.6215883
 12355.000    0.6203318
 12356.000    0.6190752
 12357.000    0.6178187
 12358.000    0.6165622
 12359.000    0.6153057
 12360.000    0.6140491
 12361.000    0.6127926
 12362.000    0.6115361
 12363.000    0.6102796
 12364.000    0.6090232
 12365.000    0.6077665
 12366.000    0.6065100
 12367.000    0.6052535
 12368.000    0.6039971
 12369.000    0.6027405
 12370.000    0.6014840
 12371.000    0.6002275
 12372.000    0.5989709
 12373.000    0.5977144
 12374.000    0.5964579
 12375.000    0.5952014
 12376.000    0.5939449
 12377.000    0.5926727
 12378.000    0.5913925
 12379.000    0.5901125
 12380.000    0.5888255
 12381.000    0.5875323
 12382.000    0.5862390
 12383.000    0.5849458
 12384.000    0.5836526
 12385.000    0.5823594
 12386.000    0.5810661
 12387.000    0.5797728
 12388.000    0.5784796
 12389.000    0.5771863
 12390.000    0.5758932
 12391.000    0.5746000
 12392.000    0.5733067
 12393.000    0.5720134
 12394.000    0.5707203
 12395.000    0.5694270
 12396.000    0.5681338
 12397.000    0.5668405
 12398.000    0.5655473
 12399.000    0.5642540
 12400.000    0.5629609
 12401.000    0.5616676
 12402.000    0.5603670
 12403.000    0.5590487
 12404.000    0.5577078
 12405.000    0.5563514
 12406.000    0.5549747
 12407.000    0.5535833
 12408.000    0.5521826
 12409.000    0.5507087
 12410.000    0.5492010
 12411.000    0.5476771
 12412.000    0.5461422
 12413.000    0.5445975
 12414.000    0.5430439
 12415.000    0.5414904
 12416.000    0.5399369
 12417.000    0.5383718
 12418.000    0.5368009
 12419.000    0.5352266
 12420.000    0.5336524
 12421.000    0.5320782
 12422.000    0.5305040
 12423.000    0.5289269
 12424.000    0.5273490
 12425.000    0.5257711
 12426.000    0.5241932
 12427.000    0.5226153
 12428.000    0.5210258
 12429.000    0.5194350
 12430.000    0.5178404
 12431.000    0.5162382
 12432.000    0.5146362
 12433.000    0.5130341
 12434.000    0.5114321
 12435.000    0.5098300
 12436.000    0.5082279
 12437.000    0.5066258
 12438.000    0.5050237
 12439.000    0.5034217
 12440.000    0.5018196
 12441.000    0.5002176
 12442.000    0.4986154
 12443.000    0.4970133
 12444.000    0.4954113
 12445.000    0.4938092
 12446.000    0.4922071
 12447.000    0.4906051
 12448.000    0.4890030
 12449.000    0.4874009
 12450.000    0.4857989
 12451.000    0.4841968
 12452.000    0.4825946
 12453.000    0.4809926
 12454.000    0.4793905
 12455.000    0.4777884
 12456.000    0.4761863
 12457.000    0.4745804
 12458.000    0.4729725
 12459.000    0.4713646
 12460.000    0.4697573
 12461.000    0.4681505
 12462.000    0.4665437
 12463.000    0.4649370
 12464.000    0.4633301
 12465.000    0.4617234
 12466.000    0.4601166
 12467.000    0.4585099
 12468.000    0.4569031
 12469.000    0.4552964
 12470.000    0.4536896
 12471.000    0.4520828
 12472.000    0.4504761
 12473.000    0.4488693
 12474.000    0.4472626
 12475.000    0.4456557
 12476.000    0.4440490
 12477.000    0.4424422
 12478.000    0.4408355
 12479.000    0.4392287
 12480.000    0.4376219
 12481.000    0.4360152
 12482.000    0.4344129
 12483.000    0.4328240
 12484.000    0.4312564
 12485.000    0.4297003
 12486.000    0.4281577
 12487.000    0.4266287
 12488.000    0.4251079
 12489.000    0.4236405
 12490.000    0.4221951
 12491.000    0.4207643
 12492.000    0.4193468
 12493.000    0.4179407
 12494.000    0.4165441
 12495.000    0.4151476
 12496.000    0.4137510
 12497.000    0.4123670
 12498.000    0.4109904
 12499.000    0.4096184
 12500.000    0.4082465
 12501.000    0.4068747
 12502.000    0.4055028
 12503.000    0.4041367
 12504.000    0.4027723
 12505.000    0.4014079
 12506.000    0.4000434
 12507.000    0.3986790
 12508.000    0.3973294
 12509.000    0.3959818
 12510.000    0.3946389
 12511.000    0.3933055
 12512.000    0.3919722
 12513.000    0.3906387
 12514.000    0.3893054
 12515.000    0.3879720
 12516.000    0.3866386
 12517.000    0.3853053
 12518.000    0.3839719
 12519.000    0.3826385
 12520.000    0.3813052
 12521.000    0.3799718
 12522.000    0.3786385
 12523.000    0.3773051
 12524.000    0.3759716
 12525.000    0.3746383
 12526.000    0.3733050
 12527.000    0.3719716
 12528.000    0.3706382
 12529.000    0.3693048
 12530.000    0.3679715
 12531.000    0.3666381
 12532.000    0.3653047
 12533.000    0.3639714
 12534.000    0.3626380
 12535.000    0.3613046
 12536.000    0.3599713
 12537.000    0.3586440
 12538.000    0.3573196
 12539.000    0.3559953
 12540.000    0.3546705
 12541.000    0.3533454
 12542.000    0.3520203
 12543.000    0.3506952
 12544.000    0.3493701
 12545.000    0.3480450
 12546.000    0.3467199
 12547.000    0.3453948
 12548.000    0.3440697
 12549.000    0.3427446
 12550.000    0.3414195
 12551.000    0.3400944
 12552.000    0.3387693
 12553.000    0.3374442
 12554.000    0.3361191
 12555.000    0.3347940
 12556.000    0.3334688
 12557.000    0.3321437
 12558.000    0.3308186
 12559.000    0.3294935
 12560.000    0.3281685
 12561.000    0.3268434
 12562.000    0.3255248
 12563.000    0.3242309
 12564.000    0.3229634
 12565.000    0.3217047
 12566.000    0.3204625
 12567.000    0.3192367
 12568.000    0.3180180
 12569.000    0.3168538
 12570.000    0.3157137
 12571.000    0.3145854
 12572.000    0.3134656
 12573.000    0.3123539
 12574.000    0.3112500
 12575.000    0.3101462
 12576.000    0.3090424
 12577.000    0.3079463
 12578.000    0.3068530
 12579.000    0.3057610
 12580.000    0.3046689
 12581.000    0.3035769
 12582.000    0.3024848
 12583.000    0.3013961
 12584.000    0.3003084
 12585.000    0.2992207
 12586.000    0.2981330
 12587.000    0.2970454
 12588.000    0.2959658
 12589.000    0.2948873
 12590.000    0.2938123
 12591.000    0.2927446
 12592.000    0.2916769
 12593.000    0.2906092
 12594.000    0.2895414
 12595.000    0.2884737
 12596.000    0.2874060
 12597.000    0.2863383
 12598.000    0.2852705
 12599.000    0.2842028
 12600.000    0.2831351
 12601.000    0.2820674
 12602.000    0.2809997
 12603.000    0.2799320
 12604.000    0.2788642
 12605.000    0.2777965
 12606.000    0.2767288
 12607.000    0.2756610
 12608.000    0.2745933
 12609.000    0.2735256
 12610.000    0.2724579
 12611.000    0.2713902
 12612.000    0.2703225
 12613.000    0.2692548
 12614.000    0.2681870
 12615.000    0.2671193
 12616.000    0.2660516
 12617.000    0.2649903
 12618.000    0.2639320
 12619.000    0.2628738
 12620.000    0.2618199
 12621.000    0.2607698
 12622.000    0.2597197
 12623.000    0.2586696
 12624.000    0.2576196
 12625.000    0.2565695
 12626.000    0.2555194
 12627.000    0.2544693
 12628.000    0.2534193
 12629.000    0.2523692
 12630.000    0.2513191
 12631.000    0.2502691
 12632.000    0.2492190
 12633.000    0.2481689
 12634.000    0.2471188
 12635.000    0.2460687
 12636.000    0.2450186
 12637.000    0.2439685
 12638.000    0.2429184
 12639.000    0.2418683
 12640.000    0.2408183
 12641.000    0.2397682
 12642.000    0.2387243
 12643.000    0.2376978
 12644.000    0.2367006
 12645.000    0.2357148
 12646.000    0.2347415
 12647.000    0.2337804
 12648.000    0.2328259
 12649.000    0.2319170
 12650.000    0.2310294
 12651.000    0.2301521
 12652.000    0.2292842
 12653.000    0.2284244
 12654.000    0.2275712
 12655.000    0.2267182
 12656.000    0.2258651
 12657.000    0.2250202
 12658.000    0.2241797
 12659.000    0.2233419
 12660.000    0.2225041
 12661.000    0.2216663
 12662.000    0.2208285
 12663.000    0.2199946
 12664.000    0.2191618
 12665.000    0.2183289
 12666.000    0.2174961
 12667.000    0.2166633
 12668.000    0.2158389
 12669.000    0.2150156
 12670.000    0.2141947
 12671.000    0.2133787
 12672.000    0.2125627
 12673.000    0.2117468
 12674.000    0.2109308
 12675.000    0.2101147
 12676.000    0.2092988
 12677.000    0.2084828
 12678.000    0.2076668
 12679.000    0.2068509
 12680.000    0.2060349
 12681.000    0.2052189
 12682.000    0.2044030
 12683.000    0.2035870
 12684.000    0.2027710
 12685.000    0.2019550
 12686.000    0.2011391
 12687.000    0.2003231
 12688.000    0.1995071
 12689.000    0.1986912
 12690.000    0.1978752
 12691.000    0.1970592
 12692.000    0.1962433
 12693.000    0.1954273
 12694.000    0.1946113
 12695.000    0.1937954
 12696.000    0.1929794
 12697.000    0.1921708
 12698.000    0.1913656
 12699.000    0.1905606
 12700.000    0.1897578
 12701.000    0.1889572
 12702.000    0.1881565
 12703.000    0.1873558
 12704.000    0.1865551
 12705.000    0.1857545
 12706.000    0.1849538
 12707.000    0.1841531
 12708.000    0.1833525
 12709.000    0.1825518
 12710.000    0.1817511
 12711.000    0.1809504
 12712.000    0.1801498
 12713.000    0.1793491
 12714.000    0.1785484
 12715.000    0.1777477
 12716.000    0.1769471
 12717.000    0.1761464
 12718.000    0.1753457
 12719.000    0.1745450
 12720.000    0.1737444
 12721.000    0.1729437
 12722.000    0.1721444
 12723.000    0.1713473
 12724.000    0.1705504
 12725.000    0.1697557
 12726.000    0.1689662
 12727.000    0.1681785
 12728.000    0.1673917
 12729.000    0.1666227
 12730.000    0.1658629
 12731.000    0.1651072
 12732.000    0.1643542
 12733.000    0.1636040
 12734.000    0.1628568
 12735.000    0.1621095
 12736.000    0.1613622
 12737.000    0.1606175
 12738.000    0.1598734
 12739.000    0.1591295
 12740.000    0.1583855
 12741.000    0.1576416
 12742.000    0.1568977
 12743.000    0.1561536
 12744.000    0.1554095
 12745.000    0.1546655
 12746.000    0.1539215
 12747.000    0.1531774
 12748.000    0.1524372
 12749.000    0.1516976
 12750.000    0.1509600
 12751.000    0.1502267
 12752.000    0.1494934
 12753.000    0.1487601
 12754.000    0.1480268
 12755.000    0.1472935
 12756.000    0.1465603
 12757.000    0.1458270
 12758.000    0.1450937
 12759.000    0.1443604
 12760.000    0.1436271
 12761.000    0.1428938
 12762.000    0.1421605
 12763.000    0.1414272
 12764.000    0.1406940
 12765.000    0.1399607
 12766.000    0.1392274
 12767.000    0.1384941
 12768.000    0.1377608
 12769.000    0.1370274
 12770.000    0.1362941
 12771.000    0.1355609
 12772.000    0.1348276
 12773.000    0.1340943
 12774.000    0.1333610
 12775.000    0.1326277
 12776.000    0.1318944
 12777.000    0.1311637
 12778.000    0.1304343
 12779.000    0.1297050
 12780.000    0.1289752
 12781.000    0.1282451
 12782.000    0.1275150
 12783.000    0.1267849
 12784.000    0.1260548
 12785.000    0.1253247
 12786.000    0.1245946
 12787.000    0.1238645
 12788.000    0.1231344
 12789.000    0.1224043
 12790.000    0.1216742
 12791.000    0.1209441
 12792.000    0.1202141
 12793.000    0.1194840
 12794.000    0.1187539
 12795.000    0.1180237
 12796.000    0.1172936
 12797.000    0.1165635
 12798.000    0.1158334
 12799.000    0.1151033
 12800.000    0.1143732
 12801.000    0.1136431
 12802.000    0.1129154
 12803.000    0.1121965
 12804.000    0.1114914
 12805.000    0.1107908
 12806.000    0.1100967
 12807.000    0.1094097
 12808.000    0.1087275
 12809.000    0.1080736
 12810.000    0.1074310
 12811.000    0.1067948
 12812.000    0.1061647
 12813.000    0.1055396
 12814.000    0.1049186
 12815.000    0.1042976
 12816.000    0.1036766
 12817.000    0.1030616
 12818.000    0.1024506
 12819.000    0.1018422
 12820.000    0.1012337
 12821.000    0.1006253
 12822.000    0.1000169
 12823.000    0.0994116
 12824.000    0.0988073
 12825.000    0.0982030
 12826.000    0.0975987
 12827.000    0.0969944
 12828.000    0.0963956
 12829.000    0.0957976
 12830.000    0.0952007
 12831.000    0.0946061
 12832.000    0.0940116
 12833.000    0.0934171
 12834.000    0.0928225
 12835.000    0.0922280
 12836.000    0.0916335
 12837.000    0.0910389
 12838.000    0.0904444
 12839.000    0.0898499
 12840.000    0.0892553
 12841.000    0.0886608
 12842.000    0.0880663
 12843.000    0.0874717
 12844.000    0.0868772
 12845.000    0.0862827
 12846.000    0.0856881
 12847.000    0.0850936
 12848.000    0.0844991
 12849.000    0.0839045
 12850.000    0.0833100
 12851.000    0.0827155
 12852.000    0.0821209
 12853.000    0.0815263
 12854.000    0.0809318
 12855.000    0.0803372
 12856.000    0.0797427
 12857.000    0.0791531
 12858.000    0.0785660
 12859.000    0.0779789
 12860.000    0.0773943
 12861.000    0.0768122
 12862.000    0.0762300
 12863.000    0.0756478
 12864.000    0.0750656
 12865.000    0.0744835
 12866.000    0.0739013
 12867.000    0.0733191
 12868.000    0.0727369
 12869.000    0.0721548
 12870.000    0.0715726
 12871.000    0.0709904
 12872.000    0.0704082
 12873.000    0.0698261
 12874.000    0.0692439
 12875.000    0.0686617
 12876.000    0.0680795
 12877.000    0.0674974
 12878.000    0.0669152
 12879.000    0.0663330
 12880.000    0.0657508
 12881.000    0.0651687
 12882.000    0.0645928
 12883.000    0.0640372
 12884.000    0.0635063
 12885.000    0.0629814
 12886.000    0.0624612
 12887.000    0.0619521
 12888.000    0.0614469
 12889.000    0.0609508
 12890.000    0.0604583
 12891.000    0.0599661
 12892.000    0.0594795
 12893.000    0.0589959
 12894.000    0.0585132
 12895.000    0.0580306
 12896.000    0.0575479
 12897.000    0.0570659
 12898.000    0.0565870
 12899.000    0.0561111
 12900.000    0.0556351
 12901.000    0.0551592
 12902.000    0.0546832
 12903.000    0.0542137
 12904.000    0.0537461
 12905.000    0.0532785
 12906.000    0.0528108
 12907.000    0.0523432
 12908.000    0.0518772
 12909.000    0.0514113
 12910.000    0.0509466
 12911.000    0.0504842
 12912.000    0.0500218
 12913.000    0.0495594
 12914.000    0.0490971
 12915.000    0.0486347
 12916.000    0.0481723
 12917.000    0.0477099
 12918.000    0.0472475
 12919.000    0.0467851
 12920.000    0.0463227
 12921.000    0.0458603
 12922.000    0.0453978
 12923.000    0.0449354
 12924.000    0.0444730
 12925.000    0.0440106
 12926.000    0.0435482
 12927.000    0.0430858
 12928.000    0.0426234
 12929.000    0.0421611
 12930.000    0.0416987
 12931.000    0.0412363
 12932.000    0.0407739
 12933.000    0.0403115
 12934.000    0.0398491
 12935.000    0.0393867
 12936.000    0.0389243
 12937.000    0.0384616
 12938.000    0.0379988
 12939.000    0.0375360
 12940.000    0.0370761
 12941.000    0.0366190
 12942.000    0.0361618
 12943.000    0.0357047
 12944.000    0.0352475
 12945.000    0.0347904
 12946.000    0.0343332
 12947.000    0.0338761
 12948.000    0.0334189
 12949.000    0.0329618
 12950.000    0.0325046
 12951.000    0.0320475
 12952.000    0.0315903
 12953.000    0.0311332
 12954.000    0.0306760
 12955.000    0.0302189
 12956.000    0.0297617
 12957.000    0.0293046
 12958.000    0.0288474
 12959.000    0.0283903
 12960.000    0.0279331
 12961.000    0.0274760
 12962.000    0.0270239
 12963.000    0.0265868
 12964.000    0.0261479
 12965.000    0.0257143
 12966.000    0.0252834
 12967.000    0.0248626
 12968.000    0.0244454
 12969.000    0.0240318
 12970.000    0.0236181
 12971.000    0.0232045
 12972.000    0.0227942
 12973.000    0.0223856
 12974.000    0.0219769
 12975.000    0.0215683
 12976.000    0.0211597
 12977.000    0.0207511
 12978.000    0.0203511
 12979.000    0.0199894
 12980.000    0.0196347
 12981.000    0.0192963
 12982.000    0.0189650
 12983.000    0.0186443
 12984.000    0.0183870
 12985.000    0.0181576
 12986.000    0.0179448
 12987.000    0.0177406
 12988.000    0.0175454
 12989.000    0.0173596
 12990.000    0.0171738
 12991.000    0.0169881
 12992.000    0.0168125
 12993.000    0.0166388
 12994.000    0.0164652
 12995.000    0.0162916
 12996.000    0.0161180
 12997.000    0.0159444
 12998.000    0.0157708
 12999.000    0.0155972
 13000.000    0.0154235
 13001.000    0.0152499
 13002.000    0.0150763
 13003.000    0.0149121
 13004.000    0.0147491
 13005.000    0.0145897
 13006.000    0.0144376
 13007.000    0.0142855
 13008.000    0.0141334
 13009.000    0.0139813
 13010.000    0.0138292
 13011.000    0.0136771
 13012.000    0.0135249
 13013.000    0.0133728
 13014.000    0.0132207
 13015.000    0.0130686
 13016.000    0.0129165
 13017.000    0.0127644
 13018.000    0.0126123
 13019.000    0.0124602
 13020.000    0.0123080
 13021.000    0.0121559
 13022.000    0.0120038
 13023.000    0.0118517
 13024.000    0.0116996
 13025.000    0.0115475
 13026.000    0.0113954
 13027.000    0.0112432
 13028.000    0.0110911
 13029.000    0.0109390
 13030.000    0.0107869
 13031.000    0.0106348
 13032.000    0.0104906
 13033.000    0.0103503
 13034.000    0.0102100
 13035.000    0.0100726
 13036.000    0.0099378
